======================================================================= INPUT
Kernel 0
0.000  0.000  0.000  0.000  0.000  0.000  0.000  0.000  0.000  0.000  0.000  0.000  0.000  0.000  0.000  0.000  0.000  0.000  0.000  0.000  0.000  0.000  0.000  0.000  0.000  0.000  0.000  0.000
0.000  0.000  0.000  0.000  0.000  0.000  0.000  0.000  0.000  0.000  0.000  0.000  0.000  0.000  0.000  0.000  0.000  0.000  0.000  0.000  0.000  0.000  0.000  0.000  0.000  0.000  0.000  0.000
0.000  0.000  0.000  0.000  0.000  0.000  0.000  0.000  0.000  0.000  0.000  0.000  0.000  0.000  0.000  0.000  0.000  0.000  0.000  0.000  0.000  0.000  0.000  0.000  0.000  0.000  0.000  0.000
0.000  0.000  0.000  0.000  0.000  0.000  0.000  0.000  0.000  0.000  0.000  0.000  0.000  0.000  0.000  0.000  0.000  0.000  0.000  0.000  0.000  0.000  0.000  0.000  0.000  0.000  0.000  0.000
0.000  0.000  0.000  0.000  0.000  0.000  0.000  0.000  0.000  0.000  0.000  0.000  0.000  0.000  0.000  0.000  0.000  0.000  0.000  0.000  0.000  0.000  0.000  0.000  0.000  0.000  0.000  0.000
0.000  0.000  0.000  0.000  0.000  0.000  0.000  0.000  0.000  0.000  0.000  0.000  0.000  0.200  0.800  0.000  0.000  0.000  0.000  0.000  0.000  0.000  0.000  0.000  0.000  0.000  0.000  0.000
0.000  0.000  0.000  0.000  0.000  0.000  0.000  0.000  0.000  0.000  0.000  0.000  0.100  1.000  0.900  0.100  0.000  0.000  0.000  0.000  0.000  0.000  0.000  0.000  0.000  0.000  0.000  0.000
0.000  0.000  0.000  0.000  0.000  0.000  0.000  0.000  0.000  0.000  0.000  0.000  0.100  1.000  1.000  0.200  0.000  0.000  0.000  0.000  0.000  0.000  0.000  0.000  0.000  0.000  0.000  0.000
0.000  0.000  0.000  0.000  0.000  0.000  0.000  0.000  0.000  0.000  0.000  0.000  0.100  1.000  1.000  0.200  0.000  0.000  0.000  0.000  0.000  0.000  0.000  0.000  0.000  0.000  0.000  0.000
0.000  0.000  0.000  0.000  0.000  0.000  0.000  0.000  0.000  0.000  0.000  0.000  0.100  1.000  1.000  0.200  0.000  0.000  0.000  0.000  0.000  0.000  0.000  0.000  0.000  0.000  0.000  0.000
0.000  0.000  0.000  0.000  0.000  0.000  0.000  0.000  0.000  0.000  0.000  0.000  0.100  1.000  1.000  0.400  0.000  0.000  0.000  0.000  0.000  0.000  0.000  0.000  0.000  0.000  0.000  0.000
0.000  0.000  0.000  0.000  0.000  0.000  0.000  0.000  0.000  0.000  0.000  0.000  0.100  0.900  1.000  0.600  0.000  0.000  0.000  0.000  0.000  0.000  0.000  0.000  0.000  0.000  0.000  0.000
0.000  0.000  0.000  0.000  0.000  0.000  0.000  0.000  0.000  0.000  0.000  0.000  0.000  0.700  1.000  0.600  0.000  0.000  0.000  0.000  0.000  0.000  0.000  0.000  0.000  0.000  0.000  0.000
0.000  0.000  0.000  0.000  0.000  0.000  0.000  0.000  0.000  0.000  0.000  0.000  0.000  0.700  1.000  0.600  0.000  0.000  0.000  0.000  0.000  0.000  0.000  0.000  0.000  0.000  0.000  0.000
0.000  0.000  0.000  0.000  0.000  0.000  0.000  0.000  0.000  0.000  0.000  0.000  0.000  0.700  1.000  0.600  0.000  0.000  0.000  0.000  0.000  0.000  0.000  0.000  0.000  0.000  0.000  0.000
0.000  0.000  0.000  0.000  0.000  0.000  0.000  0.000  0.000  0.000  0.000  0.000  0.000  0.700  1.000  0.900  0.000  0.000  0.000  0.000  0.000  0.000  0.000  0.000  0.000  0.000  0.000  0.000
0.000  0.000  0.000  0.000  0.000  0.000  0.000  0.000  0.000  0.000  0.000  0.000  0.000  0.400  1.000  0.900  0.000  0.000  0.000  0.000  0.000  0.000  0.000  0.000  0.000  0.000  0.000  0.000
0.000  0.000  0.000  0.000  0.000  0.000  0.000  0.000  0.000  0.000  0.000  0.000  0.000  0.300  1.000  1.000  0.100  0.000  0.000  0.000  0.000  0.000  0.000  0.000  0.000  0.000  0.000  0.000
0.000  0.000  0.000  0.000  0.000  0.000  0.000  0.000  0.000  0.000  0.000  0.000  0.000  0.300  1.000  1.000  0.100  0.000  0.000  0.000  0.000  0.000  0.000  0.000  0.000  0.000  0.000  0.000
0.000  0.000  0.000  0.000  0.000  0.000  0.000  0.000  0.000  0.000  0.000  0.000  0.000  0.000  0.800  1.000  0.600  0.000  0.000  0.000  0.000  0.000  0.000  0.000  0.000  0.000  0.000  0.000
0.000  0.000  0.000  0.000  0.000  0.000  0.000  0.000  0.000  0.000  0.000  0.000  0.000  0.000  0.600  0.900  0.000  0.000  0.000  0.000  0.000  0.000  0.000  0.000  0.000  0.000  0.000  0.000
0.000  0.000  0.000  0.000  0.000  0.000  0.000  0.000  0.000  0.000  0.000  0.000  0.000  0.000  0.600  0.900  0.000  0.000  0.000  0.000  0.000  0.000  0.000  0.000  0.000  0.000  0.000  0.000
0.000  0.000  0.000  0.000  0.000  0.000  0.000  0.000  0.000  0.000  0.000  0.000  0.000  0.000  0.600  1.000  0.300  0.000  0.000  0.000  0.000  0.000  0.000  0.000  0.000  0.000  0.000  0.000
0.000  0.000  0.000  0.000  0.000  0.000  0.000  0.000  0.000  0.000  0.000  0.000  0.000  0.000  0.900  1.000  0.200  0.000  0.000  0.000  0.000  0.000  0.000  0.000  0.000  0.000  0.000  0.000
0.000  0.000  0.000  0.000  0.000  0.000  0.000  0.000  0.000  0.000  0.000  0.000  0.000  0.000  0.700  0.800  0.100  0.000  0.000  0.000  0.000  0.000  0.000  0.000  0.000  0.000  0.000  0.000
0.000  0.000  0.000  0.000  0.000  0.000  0.000  0.000  0.000  0.000  0.000  0.000  0.000  0.000  0.000  0.000  0.000  0.000  0.000  0.000  0.000  0.000  0.000  0.000  0.000  0.000  0.000  0.000
0.000  0.000  0.000  0.000  0.000  0.000  0.000  0.000  0.000  0.000  0.000  0.000  0.000  0.000  0.000  0.000  0.000  0.000  0.000  0.000  0.000  0.000  0.000  0.000  0.000  0.000  0.000  0.000
0.000  0.000  0.000  0.000  0.000  0.000  0.000  0.000  0.000  0.000  0.000  0.000  0.000  0.000  0.000  0.000  0.000  0.000  0.000  0.000  0.000  0.000  0.000  0.000  0.000  0.000  0.000  0.000


======================================================================= Layer 1, filter weight
Kernel 0
Channel 0
-0.118  -0.390  0.452
-0.030  0.077  0.745
-0.393  0.253  0.649

Kernel 1
Channel 0
0.265  0.050  0.272
0.224  -0.213  0.242
0.271  -0.368  -0.364

Kernel 2
Channel 0
-0.275  -0.361  0.567
-0.266  -0.047  0.738
0.089  0.253  0.135

Kernel 3
Channel 0
0.365  0.225  -0.139
-0.075  0.347  -0.358
0.221  0.529  -0.123

Kernel 4
Channel 0
-0.193  -0.511  0.017
-0.484  -0.437  -0.062
-0.349  0.130  0.402


======================================================================= Layer 1, filter bias
1.085632 0.465603 0.832968 -0.080657 0.183650


======================================================================= Layer 1, l1_mat before conv2d
Channel 0
0.000  0.000  0.000  0.000  0.000  0.000  0.000  0.000  0.000  0.000  0.000  0.000  0.000  0.000  0.000  0.000  0.000  0.000  0.000  0.000  0.000  0.000  0.000  0.000  0.000  0.000
0.000  0.000  0.000  0.000  0.000  0.000  0.000  0.000  0.000  0.000  0.000  0.000  0.000  0.000  0.000  0.000  0.000  0.000  0.000  0.000  0.000  0.000  0.000  0.000  0.000  0.000
0.000  0.000  0.000  0.000  0.000  0.000  0.000  0.000  0.000  0.000  0.000  0.000  0.000  0.000  0.000  0.000  0.000  0.000  0.000  0.000  0.000  0.000  0.000  0.000  0.000  0.000
0.000  0.000  0.000  0.000  0.000  0.000  0.000  0.000  0.000  0.000  0.000  0.000  0.000  0.000  0.000  0.000  0.000  0.000  0.000  0.000  0.000  0.000  0.000  0.000  0.000  0.000
0.000  0.000  0.000  0.000  0.000  0.000  0.000  0.000  0.000  0.000  0.000  0.000  0.000  0.000  0.000  0.000  0.000  0.000  0.000  0.000  0.000  0.000  0.000  0.000  0.000  0.000
0.000  0.000  0.000  0.000  0.000  0.000  0.000  0.000  0.000  0.000  0.000  0.000  0.000  0.000  0.000  0.000  0.000  0.000  0.000  0.000  0.000  0.000  0.000  0.000  0.000  0.000
0.000  0.000  0.000  0.000  0.000  0.000  0.000  0.000  0.000  0.000  0.000  0.000  0.000  0.000  0.000  0.000  0.000  0.000  0.000  0.000  0.000  0.000  0.000  0.000  0.000  0.000
0.000  0.000  0.000  0.000  0.000  0.000  0.000  0.000  0.000  0.000  0.000  0.000  0.000  0.000  0.000  0.000  0.000  0.000  0.000  0.000  0.000  0.000  0.000  0.000  0.000  0.000
0.000  0.000  0.000  0.000  0.000  0.000  0.000  0.000  0.000  0.000  0.000  0.000  0.000  0.000  0.000  0.000  0.000  0.000  0.000  0.000  0.000  0.000  0.000  0.000  0.000  0.000
0.000  0.000  0.000  0.000  0.000  0.000  0.000  0.000  0.000  0.000  0.000  0.000  0.000  0.000  0.000  0.000  0.000  0.000  0.000  0.000  0.000  0.000  0.000  0.000  0.000  0.000
0.000  0.000  0.000  0.000  0.000  0.000  0.000  0.000  0.000  0.000  0.000  0.000  0.000  0.000  0.000  0.000  0.000  0.000  0.000  0.000  0.000  0.000  0.000  0.000  0.000  0.000
0.000  0.000  0.000  0.000  0.000  0.000  0.000  0.000  0.000  0.000  0.000  0.000  0.000  0.000  0.000  0.000  0.000  0.000  0.000  0.000  0.000  0.000  0.000  0.000  0.000  0.000
0.000  0.000  0.000  0.000  0.000  0.000  0.000  0.000  0.000  0.000  0.000  0.000  0.000  0.000  0.000  0.000  0.000  0.000  0.000  0.000  0.000  0.000  0.000  0.000  0.000  0.000
0.000  0.000  0.000  0.000  0.000  0.000  0.000  0.000  0.000  0.000  0.000  0.000  0.000  0.000  0.000  0.000  0.000  0.000  0.000  0.000  0.000  0.000  0.000  0.000  0.000  0.000
0.000  0.000  0.000  0.000  0.000  0.000  0.000  0.000  0.000  0.000  0.000  0.000  0.000  0.000  0.000  0.000  0.000  0.000  0.000  0.000  0.000  0.000  0.000  0.000  0.000  0.000
0.000  0.000  0.000  0.000  0.000  0.000  0.000  0.000  0.000  0.000  0.000  0.000  0.000  0.000  0.000  0.000  0.000  0.000  0.000  0.000  0.000  0.000  0.000  0.000  0.000  0.000
0.000  0.000  0.000  0.000  0.000  0.000  0.000  0.000  0.000  0.000  0.000  0.000  0.000  0.000  0.000  0.000  0.000  0.000  0.000  0.000  0.000  0.000  0.000  0.000  0.000  0.000
0.000  0.000  0.000  0.000  0.000  0.000  0.000  0.000  0.000  0.000  0.000  0.000  0.000  0.000  0.000  0.000  0.000  0.000  0.000  0.000  0.000  0.000  0.000  0.000  0.000  0.000
0.000  0.000  0.000  0.000  0.000  0.000  0.000  0.000  0.000  0.000  0.000  0.000  0.000  0.000  0.000  0.000  0.000  0.000  0.000  0.000  0.000  0.000  0.000  0.000  0.000  0.000
0.000  0.000  0.000  0.000  0.000  0.000  0.000  0.000  0.000  0.000  0.000  0.000  0.000  0.000  0.000  0.000  0.000  0.000  0.000  0.000  0.000  0.000  0.000  0.000  0.000  0.000
0.000  0.000  0.000  0.000  0.000  0.000  0.000  0.000  0.000  0.000  0.000  0.000  0.000  0.000  0.000  0.000  0.000  0.000  0.000  0.000  0.000  0.000  0.000  0.000  0.000  0.000
0.000  0.000  0.000  0.000  0.000  0.000  0.000  0.000  0.000  0.000  0.000  0.000  0.000  0.000  0.000  0.000  0.000  0.000  0.000  0.000  0.000  0.000  0.000  0.000  0.000  0.000
0.000  0.000  0.000  0.000  0.000  0.000  0.000  0.000  0.000  0.000  0.000  0.000  0.000  0.000  0.000  0.000  0.000  0.000  0.000  0.000  0.000  0.000  0.000  0.000  0.000  0.000
0.000  0.000  0.000  0.000  0.000  0.000  0.000  0.000  0.000  0.000  0.000  0.000  0.000  0.000  0.000  0.000  0.000  0.000  0.000  0.000  0.000  0.000  0.000  0.000  0.000  0.000
0.000  0.000  0.000  0.000  0.000  0.000  0.000  0.000  0.000  0.000  0.000  0.000  0.000  0.000  0.000  0.000  0.000  0.000  0.000  0.000  0.000  0.000  0.000  0.000  0.000  0.000
0.000  0.000  0.000  0.000  0.000  0.000  0.000  0.000  0.000  0.000  0.000  0.000  0.000  0.000  0.000  0.000  0.000  0.000  0.000  0.000  0.000  0.000  0.000  0.000  0.000  0.000

Channel 1
0.000  0.000  0.000  0.000  0.000  0.000  0.000  0.000  0.000  0.000  0.000  0.000  0.000  0.000  0.000  0.000  0.000  0.000  0.000  0.000  0.000  0.000  0.000  0.000  0.000  0.000
0.000  0.000  0.000  0.000  0.000  0.000  0.000  0.000  0.000  0.000  0.000  0.000  0.000  0.000  0.000  0.000  0.000  0.000  0.000  0.000  0.000  0.000  0.000  0.000  0.000  0.000
0.000  0.000  0.000  0.000  0.000  0.000  0.000  0.000  0.000  0.000  0.000  0.000  0.000  0.000  0.000  0.000  0.000  0.000  0.000  0.000  0.000  0.000  0.000  0.000  0.000  0.000
0.000  0.000  0.000  0.000  0.000  0.000  0.000  0.000  0.000  0.000  0.000  0.000  0.000  0.000  0.000  0.000  0.000  0.000  0.000  0.000  0.000  0.000  0.000  0.000  0.000  0.000
0.000  0.000  0.000  0.000  0.000  0.000  0.000  0.000  0.000  0.000  0.000  0.000  0.000  0.000  0.000  0.000  0.000  0.000  0.000  0.000  0.000  0.000  0.000  0.000  0.000  0.000
0.000  0.000  0.000  0.000  0.000  0.000  0.000  0.000  0.000  0.000  0.000  0.000  0.000  0.000  0.000  0.000  0.000  0.000  0.000  0.000  0.000  0.000  0.000  0.000  0.000  0.000
0.000  0.000  0.000  0.000  0.000  0.000  0.000  0.000  0.000  0.000  0.000  0.000  0.000  0.000  0.000  0.000  0.000  0.000  0.000  0.000  0.000  0.000  0.000  0.000  0.000  0.000
0.000  0.000  0.000  0.000  0.000  0.000  0.000  0.000  0.000  0.000  0.000  0.000  0.000  0.000  0.000  0.000  0.000  0.000  0.000  0.000  0.000  0.000  0.000  0.000  0.000  0.000
0.000  0.000  0.000  0.000  0.000  0.000  0.000  0.000  0.000  0.000  0.000  0.000  0.000  0.000  0.000  0.000  0.000  0.000  0.000  0.000  0.000  0.000  0.000  0.000  0.000  0.000
0.000  0.000  0.000  0.000  0.000  0.000  0.000  0.000  0.000  0.000  0.000  0.000  0.000  0.000  0.000  0.000  0.000  0.000  0.000  0.000  0.000  0.000  0.000  0.000  0.000  0.000
0.000  0.000  0.000  0.000  0.000  0.000  0.000  0.000  0.000  0.000  0.000  0.000  0.000  0.000  0.000  0.000  0.000  0.000  0.000  0.000  0.000  0.000  0.000  0.000  0.000  0.000
0.000  0.000  0.000  0.000  0.000  0.000  0.000  0.000  0.000  0.000  0.000  0.000  0.000  0.000  0.000  0.000  0.000  0.000  0.000  0.000  0.000  0.000  0.000  0.000  0.000  0.000
0.000  0.000  0.000  0.000  0.000  0.000  0.000  0.000  0.000  0.000  0.000  0.000  0.000  0.000  0.000  0.000  0.000  0.000  0.000  0.000  0.000  0.000  0.000  0.000  0.000  0.000
0.000  0.000  0.000  0.000  0.000  0.000  0.000  0.000  0.000  0.000  0.000  0.000  0.000  0.000  0.000  0.000  0.000  0.000  0.000  0.000  0.000  0.000  0.000  0.000  0.000  0.000
0.000  0.000  0.000  0.000  0.000  0.000  0.000  0.000  0.000  0.000  0.000  0.000  0.000  0.000  0.000  0.000  0.000  0.000  0.000  0.000  0.000  0.000  0.000  0.000  0.000  0.000
0.000  0.000  0.000  0.000  0.000  0.000  0.000  0.000  0.000  0.000  0.000  0.000  0.000  0.000  0.000  0.000  0.000  0.000  0.000  0.000  0.000  0.000  0.000  0.000  0.000  0.000
0.000  0.000  0.000  0.000  0.000  0.000  0.000  0.000  0.000  0.000  0.000  0.000  0.000  0.000  0.000  0.000  0.000  0.000  0.000  0.000  0.000  0.000  0.000  0.000  0.000  0.000
0.000  0.000  0.000  0.000  0.000  0.000  0.000  0.000  0.000  0.000  0.000  0.000  0.000  0.000  0.000  0.000  0.000  0.000  0.000  0.000  0.000  0.000  0.000  0.000  0.000  0.000
0.000  0.000  0.000  0.000  0.000  0.000  0.000  0.000  0.000  0.000  0.000  0.000  0.000  0.000  0.000  0.000  0.000  0.000  0.000  0.000  0.000  0.000  0.000  0.000  0.000  0.000
0.000  0.000  0.000  0.000  0.000  0.000  0.000  0.000  0.000  0.000  0.000  0.000  0.000  0.000  0.000  0.000  0.000  0.000  0.000  0.000  0.000  0.000  0.000  0.000  0.000  0.000
0.000  0.000  0.000  0.000  0.000  0.000  0.000  0.000  0.000  0.000  0.000  0.000  0.000  0.000  0.000  0.000  0.000  0.000  0.000  0.000  0.000  0.000  0.000  0.000  0.000  0.000
0.000  0.000  0.000  0.000  0.000  0.000  0.000  0.000  0.000  0.000  0.000  0.000  0.000  0.000  0.000  0.000  0.000  0.000  0.000  0.000  0.000  0.000  0.000  0.000  0.000  0.000
0.000  0.000  0.000  0.000  0.000  0.000  0.000  0.000  0.000  0.000  0.000  0.000  0.000  0.000  0.000  0.000  0.000  0.000  0.000  0.000  0.000  0.000  0.000  0.000  0.000  0.000
0.000  0.000  0.000  0.000  0.000  0.000  0.000  0.000  0.000  0.000  0.000  0.000  0.000  0.000  0.000  0.000  0.000  0.000  0.000  0.000  0.000  0.000  0.000  0.000  0.000  0.000
0.000  0.000  0.000  0.000  0.000  0.000  0.000  0.000  0.000  0.000  0.000  0.000  0.000  0.000  0.000  0.000  0.000  0.000  0.000  0.000  0.000  0.000  0.000  0.000  0.000  0.000
0.000  0.000  0.000  0.000  0.000  0.000  0.000  0.000  0.000  0.000  0.000  0.000  0.000  0.000  0.000  0.000  0.000  0.000  0.000  0.000  0.000  0.000  0.000  0.000  0.000  0.000

Channel 2
0.000  0.000  0.000  0.000  0.000  0.000  0.000  0.000  0.000  0.000  0.000  0.000  0.000  0.000  0.000  0.000  0.000  0.000  0.000  0.000  0.000  0.000  0.000  0.000  0.000  0.000
0.000  0.000  0.000  0.000  0.000  0.000  0.000  0.000  0.000  0.000  0.000  0.000  0.000  0.000  0.000  0.000  0.000  0.000  0.000  0.000  0.000  0.000  0.000  0.000  0.000  0.000
0.000  0.000  0.000  0.000  0.000  0.000  0.000  0.000  0.000  0.000  0.000  0.000  0.000  0.000  0.000  0.000  0.000  0.000  0.000  0.000  0.000  0.000  0.000  0.000  0.000  0.000
0.000  0.000  0.000  0.000  0.000  0.000  0.000  0.000  0.000  0.000  0.000  0.000  0.000  0.000  0.000  0.000  0.000  0.000  0.000  0.000  0.000  0.000  0.000  0.000  0.000  0.000
0.000  0.000  0.000  0.000  0.000  0.000  0.000  0.000  0.000  0.000  0.000  0.000  0.000  0.000  0.000  0.000  0.000  0.000  0.000  0.000  0.000  0.000  0.000  0.000  0.000  0.000
0.000  0.000  0.000  0.000  0.000  0.000  0.000  0.000  0.000  0.000  0.000  0.000  0.000  0.000  0.000  0.000  0.000  0.000  0.000  0.000  0.000  0.000  0.000  0.000  0.000  0.000
0.000  0.000  0.000  0.000  0.000  0.000  0.000  0.000  0.000  0.000  0.000  0.000  0.000  0.000  0.000  0.000  0.000  0.000  0.000  0.000  0.000  0.000  0.000  0.000  0.000  0.000
0.000  0.000  0.000  0.000  0.000  0.000  0.000  0.000  0.000  0.000  0.000  0.000  0.000  0.000  0.000  0.000  0.000  0.000  0.000  0.000  0.000  0.000  0.000  0.000  0.000  0.000
0.000  0.000  0.000  0.000  0.000  0.000  0.000  0.000  0.000  0.000  0.000  0.000  0.000  0.000  0.000  0.000  0.000  0.000  0.000  0.000  0.000  0.000  0.000  0.000  0.000  0.000
0.000  0.000  0.000  0.000  0.000  0.000  0.000  0.000  0.000  0.000  0.000  0.000  0.000  0.000  0.000  0.000  0.000  0.000  0.000  0.000  0.000  0.000  0.000  0.000  0.000  0.000
0.000  0.000  0.000  0.000  0.000  0.000  0.000  0.000  0.000  0.000  0.000  0.000  0.000  0.000  0.000  0.000  0.000  0.000  0.000  0.000  0.000  0.000  0.000  0.000  0.000  0.000
0.000  0.000  0.000  0.000  0.000  0.000  0.000  0.000  0.000  0.000  0.000  0.000  0.000  0.000  0.000  0.000  0.000  0.000  0.000  0.000  0.000  0.000  0.000  0.000  0.000  0.000
0.000  0.000  0.000  0.000  0.000  0.000  0.000  0.000  0.000  0.000  0.000  0.000  0.000  0.000  0.000  0.000  0.000  0.000  0.000  0.000  0.000  0.000  0.000  0.000  0.000  0.000
0.000  0.000  0.000  0.000  0.000  0.000  0.000  0.000  0.000  0.000  0.000  0.000  0.000  0.000  0.000  0.000  0.000  0.000  0.000  0.000  0.000  0.000  0.000  0.000  0.000  0.000
0.000  0.000  0.000  0.000  0.000  0.000  0.000  0.000  0.000  0.000  0.000  0.000  0.000  0.000  0.000  0.000  0.000  0.000  0.000  0.000  0.000  0.000  0.000  0.000  0.000  0.000
0.000  0.000  0.000  0.000  0.000  0.000  0.000  0.000  0.000  0.000  0.000  0.000  0.000  0.000  0.000  0.000  0.000  0.000  0.000  0.000  0.000  0.000  0.000  0.000  0.000  0.000
0.000  0.000  0.000  0.000  0.000  0.000  0.000  0.000  0.000  0.000  0.000  0.000  0.000  0.000  0.000  0.000  0.000  0.000  0.000  0.000  0.000  0.000  0.000  0.000  0.000  0.000
0.000  0.000  0.000  0.000  0.000  0.000  0.000  0.000  0.000  0.000  0.000  0.000  0.000  0.000  0.000  0.000  0.000  0.000  0.000  0.000  0.000  0.000  0.000  0.000  0.000  0.000
0.000  0.000  0.000  0.000  0.000  0.000  0.000  0.000  0.000  0.000  0.000  0.000  0.000  0.000  0.000  0.000  0.000  0.000  0.000  0.000  0.000  0.000  0.000  0.000  0.000  0.000
0.000  0.000  0.000  0.000  0.000  0.000  0.000  0.000  0.000  0.000  0.000  0.000  0.000  0.000  0.000  0.000  0.000  0.000  0.000  0.000  0.000  0.000  0.000  0.000  0.000  0.000
0.000  0.000  0.000  0.000  0.000  0.000  0.000  0.000  0.000  0.000  0.000  0.000  0.000  0.000  0.000  0.000  0.000  0.000  0.000  0.000  0.000  0.000  0.000  0.000  0.000  0.000
0.000  0.000  0.000  0.000  0.000  0.000  0.000  0.000  0.000  0.000  0.000  0.000  0.000  0.000  0.000  0.000  0.000  0.000  0.000  0.000  0.000  0.000  0.000  0.000  0.000  0.000
0.000  0.000  0.000  0.000  0.000  0.000  0.000  0.000  0.000  0.000  0.000  0.000  0.000  0.000  0.000  0.000  0.000  0.000  0.000  0.000  0.000  0.000  0.000  0.000  0.000  0.000
0.000  0.000  0.000  0.000  0.000  0.000  0.000  0.000  0.000  0.000  0.000  0.000  0.000  0.000  0.000  0.000  0.000  0.000  0.000  0.000  0.000  0.000  0.000  0.000  0.000  0.000
0.000  0.000  0.000  0.000  0.000  0.000  0.000  0.000  0.000  0.000  0.000  0.000  0.000  0.000  0.000  0.000  0.000  0.000  0.000  0.000  0.000  0.000  0.000  0.000  0.000  0.000
0.000  0.000  0.000  0.000  0.000  0.000  0.000  0.000  0.000  0.000  0.000  0.000  0.000  0.000  0.000  0.000  0.000  0.000  0.000  0.000  0.000  0.000  0.000  0.000  0.000  0.000

Channel 3
0.000  0.000  0.000  0.000  0.000  0.000  0.000  0.000  0.000  0.000  0.000  0.000  0.000  0.000  0.000  0.000  0.000  0.000  0.000  0.000  0.000  0.000  0.000  0.000  0.000  0.000
0.000  0.000  0.000  0.000  0.000  0.000  0.000  0.000  0.000  0.000  0.000  0.000  0.000  0.000  0.000  0.000  0.000  0.000  0.000  0.000  0.000  0.000  0.000  0.000  0.000  0.000
0.000  0.000  0.000  0.000  0.000  0.000  0.000  0.000  0.000  0.000  0.000  0.000  0.000  0.000  0.000  0.000  0.000  0.000  0.000  0.000  0.000  0.000  0.000  0.000  0.000  0.000
0.000  0.000  0.000  0.000  0.000  0.000  0.000  0.000  0.000  0.000  0.000  0.000  0.000  0.000  0.000  0.000  0.000  0.000  0.000  0.000  0.000  0.000  0.000  0.000  0.000  0.000
0.000  0.000  0.000  0.000  0.000  0.000  0.000  0.000  0.000  0.000  0.000  0.000  0.000  0.000  0.000  0.000  0.000  0.000  0.000  0.000  0.000  0.000  0.000  0.000  0.000  0.000
0.000  0.000  0.000  0.000  0.000  0.000  0.000  0.000  0.000  0.000  0.000  0.000  0.000  0.000  0.000  0.000  0.000  0.000  0.000  0.000  0.000  0.000  0.000  0.000  0.000  0.000
0.000  0.000  0.000  0.000  0.000  0.000  0.000  0.000  0.000  0.000  0.000  0.000  0.000  0.000  0.000  0.000  0.000  0.000  0.000  0.000  0.000  0.000  0.000  0.000  0.000  0.000
0.000  0.000  0.000  0.000  0.000  0.000  0.000  0.000  0.000  0.000  0.000  0.000  0.000  0.000  0.000  0.000  0.000  0.000  0.000  0.000  0.000  0.000  0.000  0.000  0.000  0.000
0.000  0.000  0.000  0.000  0.000  0.000  0.000  0.000  0.000  0.000  0.000  0.000  0.000  0.000  0.000  0.000  0.000  0.000  0.000  0.000  0.000  0.000  0.000  0.000  0.000  0.000
0.000  0.000  0.000  0.000  0.000  0.000  0.000  0.000  0.000  0.000  0.000  0.000  0.000  0.000  0.000  0.000  0.000  0.000  0.000  0.000  0.000  0.000  0.000  0.000  0.000  0.000
0.000  0.000  0.000  0.000  0.000  0.000  0.000  0.000  0.000  0.000  0.000  0.000  0.000  0.000  0.000  0.000  0.000  0.000  0.000  0.000  0.000  0.000  0.000  0.000  0.000  0.000
0.000  0.000  0.000  0.000  0.000  0.000  0.000  0.000  0.000  0.000  0.000  0.000  0.000  0.000  0.000  0.000  0.000  0.000  0.000  0.000  0.000  0.000  0.000  0.000  0.000  0.000
0.000  0.000  0.000  0.000  0.000  0.000  0.000  0.000  0.000  0.000  0.000  0.000  0.000  0.000  0.000  0.000  0.000  0.000  0.000  0.000  0.000  0.000  0.000  0.000  0.000  0.000
0.000  0.000  0.000  0.000  0.000  0.000  0.000  0.000  0.000  0.000  0.000  0.000  0.000  0.000  0.000  0.000  0.000  0.000  0.000  0.000  0.000  0.000  0.000  0.000  0.000  0.000
0.000  0.000  0.000  0.000  0.000  0.000  0.000  0.000  0.000  0.000  0.000  0.000  0.000  0.000  0.000  0.000  0.000  0.000  0.000  0.000  0.000  0.000  0.000  0.000  0.000  0.000
0.000  0.000  0.000  0.000  0.000  0.000  0.000  0.000  0.000  0.000  0.000  0.000  0.000  0.000  0.000  0.000  0.000  0.000  0.000  0.000  0.000  0.000  0.000  0.000  0.000  0.000
0.000  0.000  0.000  0.000  0.000  0.000  0.000  0.000  0.000  0.000  0.000  0.000  0.000  0.000  0.000  0.000  0.000  0.000  0.000  0.000  0.000  0.000  0.000  0.000  0.000  0.000
0.000  0.000  0.000  0.000  0.000  0.000  0.000  0.000  0.000  0.000  0.000  0.000  0.000  0.000  0.000  0.000  0.000  0.000  0.000  0.000  0.000  0.000  0.000  0.000  0.000  0.000
0.000  0.000  0.000  0.000  0.000  0.000  0.000  0.000  0.000  0.000  0.000  0.000  0.000  0.000  0.000  0.000  0.000  0.000  0.000  0.000  0.000  0.000  0.000  0.000  0.000  0.000
0.000  0.000  0.000  0.000  0.000  0.000  0.000  0.000  0.000  0.000  0.000  0.000  0.000  0.000  0.000  0.000  0.000  0.000  0.000  0.000  0.000  0.000  0.000  0.000  0.000  0.000
0.000  0.000  0.000  0.000  0.000  0.000  0.000  0.000  0.000  0.000  0.000  0.000  0.000  0.000  0.000  0.000  0.000  0.000  0.000  0.000  0.000  0.000  0.000  0.000  0.000  0.000
0.000  0.000  0.000  0.000  0.000  0.000  0.000  0.000  0.000  0.000  0.000  0.000  0.000  0.000  0.000  0.000  0.000  0.000  0.000  0.000  0.000  0.000  0.000  0.000  0.000  0.000
0.000  0.000  0.000  0.000  0.000  0.000  0.000  0.000  0.000  0.000  0.000  0.000  0.000  0.000  0.000  0.000  0.000  0.000  0.000  0.000  0.000  0.000  0.000  0.000  0.000  0.000
0.000  0.000  0.000  0.000  0.000  0.000  0.000  0.000  0.000  0.000  0.000  0.000  0.000  0.000  0.000  0.000  0.000  0.000  0.000  0.000  0.000  0.000  0.000  0.000  0.000  0.000
0.000  0.000  0.000  0.000  0.000  0.000  0.000  0.000  0.000  0.000  0.000  0.000  0.000  0.000  0.000  0.000  0.000  0.000  0.000  0.000  0.000  0.000  0.000  0.000  0.000  0.000
0.000  0.000  0.000  0.000  0.000  0.000  0.000  0.000  0.000  0.000  0.000  0.000  0.000  0.000  0.000  0.000  0.000  0.000  0.000  0.000  0.000  0.000  0.000  0.000  0.000  0.000

Channel 4
0.000  0.000  0.000  0.000  0.000  0.000  0.000  0.000  0.000  0.000  0.000  0.000  0.000  0.000  0.000  0.000  0.000  0.000  0.000  0.000  0.000  0.000  0.000  0.000  0.000  0.000
0.000  0.000  0.000  0.000  0.000  0.000  0.000  0.000  0.000  0.000  0.000  0.000  0.000  0.000  0.000  0.000  0.000  0.000  0.000  0.000  0.000  0.000  0.000  0.000  0.000  0.000
0.000  0.000  0.000  0.000  0.000  0.000  0.000  0.000  0.000  0.000  0.000  0.000  0.000  0.000  0.000  0.000  0.000  0.000  0.000  0.000  0.000  0.000  0.000  0.000  0.000  0.000
0.000  0.000  0.000  0.000  0.000  0.000  0.000  0.000  0.000  0.000  0.000  0.000  0.000  0.000  0.000  0.000  0.000  0.000  0.000  0.000  0.000  0.000  0.000  0.000  0.000  0.000
0.000  0.000  0.000  0.000  0.000  0.000  0.000  0.000  0.000  0.000  0.000  0.000  0.000  0.000  0.000  0.000  0.000  0.000  0.000  0.000  0.000  0.000  0.000  0.000  0.000  0.000
0.000  0.000  0.000  0.000  0.000  0.000  0.000  0.000  0.000  0.000  0.000  0.000  0.000  0.000  0.000  0.000  0.000  0.000  0.000  0.000  0.000  0.000  0.000  0.000  0.000  0.000
0.000  0.000  0.000  0.000  0.000  0.000  0.000  0.000  0.000  0.000  0.000  0.000  0.000  0.000  0.000  0.000  0.000  0.000  0.000  0.000  0.000  0.000  0.000  0.000  0.000  0.000
0.000  0.000  0.000  0.000  0.000  0.000  0.000  0.000  0.000  0.000  0.000  0.000  0.000  0.000  0.000  0.000  0.000  0.000  0.000  0.000  0.000  0.000  0.000  0.000  0.000  0.000
0.000  0.000  0.000  0.000  0.000  0.000  0.000  0.000  0.000  0.000  0.000  0.000  0.000  0.000  0.000  0.000  0.000  0.000  0.000  0.000  0.000  0.000  0.000  0.000  0.000  0.000
0.000  0.000  0.000  0.000  0.000  0.000  0.000  0.000  0.000  0.000  0.000  0.000  0.000  0.000  0.000  0.000  0.000  0.000  0.000  0.000  0.000  0.000  0.000  0.000  0.000  0.000
0.000  0.000  0.000  0.000  0.000  0.000  0.000  0.000  0.000  0.000  0.000  0.000  0.000  0.000  0.000  0.000  0.000  0.000  0.000  0.000  0.000  0.000  0.000  0.000  0.000  0.000
0.000  0.000  0.000  0.000  0.000  0.000  0.000  0.000  0.000  0.000  0.000  0.000  0.000  0.000  0.000  0.000  0.000  0.000  0.000  0.000  0.000  0.000  0.000  0.000  0.000  0.000
0.000  0.000  0.000  0.000  0.000  0.000  0.000  0.000  0.000  0.000  0.000  0.000  0.000  0.000  0.000  0.000  0.000  0.000  0.000  0.000  0.000  0.000  0.000  0.000  0.000  0.000
0.000  0.000  0.000  0.000  0.000  0.000  0.000  0.000  0.000  0.000  0.000  0.000  0.000  0.000  0.000  0.000  0.000  0.000  0.000  0.000  0.000  0.000  0.000  0.000  0.000  0.000
0.000  0.000  0.000  0.000  0.000  0.000  0.000  0.000  0.000  0.000  0.000  0.000  0.000  0.000  0.000  0.000  0.000  0.000  0.000  0.000  0.000  0.000  0.000  0.000  0.000  0.000
0.000  0.000  0.000  0.000  0.000  0.000  0.000  0.000  0.000  0.000  0.000  0.000  0.000  0.000  0.000  0.000  0.000  0.000  0.000  0.000  0.000  0.000  0.000  0.000  0.000  0.000
0.000  0.000  0.000  0.000  0.000  0.000  0.000  0.000  0.000  0.000  0.000  0.000  0.000  0.000  0.000  0.000  0.000  0.000  0.000  0.000  0.000  0.000  0.000  0.000  0.000  0.000
0.000  0.000  0.000  0.000  0.000  0.000  0.000  0.000  0.000  0.000  0.000  0.000  0.000  0.000  0.000  0.000  0.000  0.000  0.000  0.000  0.000  0.000  0.000  0.000  0.000  0.000
0.000  0.000  0.000  0.000  0.000  0.000  0.000  0.000  0.000  0.000  0.000  0.000  0.000  0.000  0.000  0.000  0.000  0.000  0.000  0.000  0.000  0.000  0.000  0.000  0.000  0.000
0.000  0.000  0.000  0.000  0.000  0.000  0.000  0.000  0.000  0.000  0.000  0.000  0.000  0.000  0.000  0.000  0.000  0.000  0.000  0.000  0.000  0.000  0.000  0.000  0.000  0.000
0.000  0.000  0.000  0.000  0.000  0.000  0.000  0.000  0.000  0.000  0.000  0.000  0.000  0.000  0.000  0.000  0.000  0.000  0.000  0.000  0.000  0.000  0.000  0.000  0.000  0.000
0.000  0.000  0.000  0.000  0.000  0.000  0.000  0.000  0.000  0.000  0.000  0.000  0.000  0.000  0.000  0.000  0.000  0.000  0.000  0.000  0.000  0.000  0.000  0.000  0.000  0.000
0.000  0.000  0.000  0.000  0.000  0.000  0.000  0.000  0.000  0.000  0.000  0.000  0.000  0.000  0.000  0.000  0.000  0.000  0.000  0.000  0.000  0.000  0.000  0.000  0.000  0.000
0.000  0.000  0.000  0.000  0.000  0.000  0.000  0.000  0.000  0.000  0.000  0.000  0.000  0.000  0.000  0.000  0.000  0.000  0.000  0.000  0.000  0.000  0.000  0.000  0.000  0.000
0.000  0.000  0.000  0.000  0.000  0.000  0.000  0.000  0.000  0.000  0.000  0.000  0.000  0.000  0.000  0.000  0.000  0.000  0.000  0.000  0.000  0.000  0.000  0.000  0.000  0.000
0.000  0.000  0.000  0.000  0.000  0.000  0.000  0.000  0.000  0.000  0.000  0.000  0.000  0.000  0.000  0.000  0.000  0.000  0.000  0.000  0.000  0.000  0.000  0.000  0.000  0.000


======================================================================= Layer 1, l1_mat after conv2d
Channel 0
1.086  1.086  1.086  1.086  1.086  1.086  1.086  1.086  1.086  1.086  1.086  1.086  1.086  1.086  1.086  1.086  1.086  1.086  1.086  1.086  1.086  1.086  1.086  1.086  1.086  1.086
1.086  1.086  1.086  1.086  1.086  1.086  1.086  1.086  1.086  1.086  1.086  1.086  1.086  1.086  1.086  1.086  1.086  1.086  1.086  1.086  1.086  1.086  1.086  1.086  1.086  1.086
1.086  1.086  1.086  1.086  1.086  1.086  1.086  1.086  1.086  1.086  1.086  1.086  1.086  1.086  1.086  1.086  1.086  1.086  1.086  1.086  1.086  1.086  1.086  1.086  1.086  1.086
1.086  1.086  1.086  1.086  1.086  1.086  1.086  1.086  1.086  1.086  1.086  1.086  1.086  1.086  1.086  1.086  1.086  1.086  1.086  1.086  1.086  1.086  1.086  1.086  1.086  1.086
1.086  1.086  1.086  1.086  1.086  1.086  1.086  1.086  1.086  1.086  1.086  1.086  1.086  1.086  1.086  1.086  1.086  1.086  1.086  1.086  1.086  1.086  1.086  1.086  1.086  1.086
1.086  1.086  1.086  1.086  1.086  1.086  1.086  1.086  1.086  1.086  1.086  1.086  1.086  1.086  1.086  1.086  1.086  1.086  1.086  1.086  1.086  1.086  1.086  1.086  1.086  1.086
1.086  1.086  1.086  1.086  1.086  1.086  1.086  1.086  1.086  1.086  1.086  1.086  1.086  1.086  1.086  1.086  1.086  1.086  1.086  1.086  1.086  1.086  1.086  1.086  1.086  1.086
1.086  1.086  1.086  1.086  1.086  1.086  1.086  1.086  1.086  1.086  1.086  1.086  1.086  1.086  1.086  1.086  1.086  1.086  1.086  1.086  1.086  1.086  1.086  1.086  1.086  1.086
1.086  1.086  1.086  1.086  1.086  1.086  1.086  1.086  1.086  1.086  1.086  1.086  1.086  1.086  1.086  1.086  1.086  1.086  1.086  1.086  1.086  1.086  1.086  1.086  1.086  1.086
1.086  1.086  1.086  1.086  1.086  1.086  1.086  1.086  1.086  1.086  1.086  1.086  1.086  1.086  1.086  1.086  1.086  1.086  1.086  1.086  1.086  1.086  1.086  1.086  1.086  1.086
1.086  1.086  1.086  1.086  1.086  1.086  1.086  1.086  1.086  1.086  1.086  1.086  1.086  1.086  1.086  1.086  1.086  1.086  1.086  1.086  1.086  1.086  1.086  1.086  1.086  1.086
1.086  1.086  1.086  1.086  1.086  1.086  1.086  1.086  1.086  1.086  1.086  1.086  1.086  1.086  1.086  1.086  1.086  1.086  1.086  1.086  1.086  1.086  1.086  1.086  1.086  1.086
1.086  1.086  1.086  1.086  1.086  1.086  1.086  1.086  1.086  1.086  1.086  1.086  1.086  1.086  1.086  1.086  1.086  1.086  1.086  1.086  1.086  1.086  1.086  1.086  1.086  1.086
1.086  1.086  1.086  1.086  1.086  1.086  1.086  1.086  1.086  1.086  1.086  1.086  1.086  1.086  1.086  1.086  1.086  1.086  1.086  1.086  1.086  1.086  1.086  1.086  1.086  1.086
1.086  1.086  1.086  1.086  1.086  1.086  1.086  1.086  1.086  1.086  1.086  1.086  1.086  1.086  1.086  1.086  1.086  1.086  1.086  1.086  1.086  1.086  1.086  1.086  1.086  1.086
1.086  1.086  1.086  1.086  1.086  1.086  1.086  1.086  1.086  1.086  1.086  1.086  1.086  1.086  1.086  1.086  1.086  1.086  1.086  1.086  1.086  1.086  1.086  1.086  1.086  1.086
1.086  1.086  1.086  1.086  1.086  1.086  1.086  1.086  1.086  1.086  1.086  1.086  1.086  1.086  1.086  1.086  1.086  1.086  1.086  1.086  1.086  1.086  1.086  1.086  1.086  1.086
1.086  1.086  1.086  1.086  1.086  1.086  1.086  1.086  1.086  1.086  1.086  1.086  1.086  1.086  1.086  1.086  1.086  1.086  1.086  1.086  1.086  1.086  1.086  1.086  1.086  1.086
1.086  1.086  1.086  1.086  1.086  1.086  1.086  1.086  1.086  1.086  1.086  1.086  1.086  1.086  1.086  1.086  1.086  1.086  1.086  1.086  1.086  1.086  1.086  1.086  1.086  1.086
1.086  1.086  1.086  1.086  1.086  1.086  1.086  1.086  1.086  1.086  1.086  1.086  1.086  1.086  1.086  1.086  1.086  1.086  1.086  1.086  1.086  1.086  1.086  1.086  1.086  1.086
1.086  1.086  1.086  1.086  1.086  1.086  1.086  1.086  1.086  1.086  1.086  1.086  1.086  1.086  1.086  1.086  1.086  1.086  1.086  1.086  1.086  1.086  1.086  1.086  1.086  1.086
1.086  1.086  1.086  1.086  1.086  1.086  1.086  1.086  1.086  1.086  1.086  1.086  1.086  1.086  1.086  1.086  1.086  1.086  1.086  1.086  1.086  1.086  1.086  1.086  1.086  1.086
1.086  1.086  1.086  1.086  1.086  1.086  1.086  1.086  1.086  1.086  1.086  1.086  1.086  1.086  1.086  1.086  1.086  1.086  1.086  1.086  1.086  1.086  1.086  1.086  1.086  1.086
1.086  1.086  1.086  1.086  1.086  1.086  1.086  1.086  1.086  1.086  1.086  1.086  1.086  1.086  1.086  1.086  1.086  1.086  1.086  1.086  1.086  1.086  1.086  1.086  1.086  1.086
1.086  1.086  1.086  1.086  1.086  1.086  1.086  1.086  1.086  1.086  1.086  1.086  1.086  1.086  1.086  1.086  1.086  1.086  1.086  1.086  1.086  1.086  1.086  1.086  1.086  1.086
1.086  1.086  1.086  1.086  1.086  1.086  1.086  1.086  1.086  1.086  1.086  1.086  1.086  1.086  1.086  1.086  1.086  1.086  1.086  1.086  1.086  1.086  1.086  1.086  1.086  1.086

Channel 1
0.466  0.466  0.466  0.466  0.466  0.466  0.466  0.466  0.466  0.466  0.466  0.466  0.466  0.466  0.466  0.466  0.466  0.466  0.466  0.466  0.466  0.466  0.466  0.466  0.466  0.466
0.466  0.466  0.466  0.466  0.466  0.466  0.466  0.466  0.466  0.466  0.466  0.466  0.466  0.466  0.466  0.466  0.466  0.466  0.466  0.466  0.466  0.466  0.466  0.466  0.466  0.466
0.466  0.466  0.466  0.466  0.466  0.466  0.466  0.466  0.466  0.466  0.466  0.466  0.466  0.466  0.466  0.466  0.466  0.466  0.466  0.466  0.466  0.466  0.466  0.466  0.466  0.466
0.466  0.466  0.466  0.466  0.466  0.466  0.466  0.466  0.466  0.466  0.466  0.466  0.466  0.466  0.466  0.466  0.466  0.466  0.466  0.466  0.466  0.466  0.466  0.466  0.466  0.466
0.466  0.466  0.466  0.466  0.466  0.466  0.466  0.466  0.466  0.466  0.466  0.466  0.466  0.466  0.466  0.466  0.466  0.466  0.466  0.466  0.466  0.466  0.466  0.466  0.466  0.466
0.466  0.466  0.466  0.466  0.466  0.466  0.466  0.466  0.466  0.466  0.466  0.466  0.466  0.466  0.466  0.466  0.466  0.466  0.466  0.466  0.466  0.466  0.466  0.466  0.466  0.466
0.466  0.466  0.466  0.466  0.466  0.466  0.466  0.466  0.466  0.466  0.466  0.466  0.466  0.466  0.466  0.466  0.466  0.466  0.466  0.466  0.466  0.466  0.466  0.466  0.466  0.466
0.466  0.466  0.466  0.466  0.466  0.466  0.466  0.466  0.466  0.466  0.466  0.466  0.466  0.466  0.466  0.466  0.466  0.466  0.466  0.466  0.466  0.466  0.466  0.466  0.466  0.466
0.466  0.466  0.466  0.466  0.466  0.466  0.466  0.466  0.466  0.466  0.466  0.466  0.466  0.466  0.466  0.466  0.466  0.466  0.466  0.466  0.466  0.466  0.466  0.466  0.466  0.466
0.466  0.466  0.466  0.466  0.466  0.466  0.466  0.466  0.466  0.466  0.466  0.466  0.466  0.466  0.466  0.466  0.466  0.466  0.466  0.466  0.466  0.466  0.466  0.466  0.466  0.466
0.466  0.466  0.466  0.466  0.466  0.466  0.466  0.466  0.466  0.466  0.466  0.466  0.466  0.466  0.466  0.466  0.466  0.466  0.466  0.466  0.466  0.466  0.466  0.466  0.466  0.466
0.466  0.466  0.466  0.466  0.466  0.466  0.466  0.466  0.466  0.466  0.466  0.466  0.466  0.466  0.466  0.466  0.466  0.466  0.466  0.466  0.466  0.466  0.466  0.466  0.466  0.466
0.466  0.466  0.466  0.466  0.466  0.466  0.466  0.466  0.466  0.466  0.466  0.466  0.466  0.466  0.466  0.466  0.466  0.466  0.466  0.466  0.466  0.466  0.466  0.466  0.466  0.466
0.466  0.466  0.466  0.466  0.466  0.466  0.466  0.466  0.466  0.466  0.466  0.466  0.466  0.466  0.466  0.466  0.466  0.466  0.466  0.466  0.466  0.466  0.466  0.466  0.466  0.466
0.466  0.466  0.466  0.466  0.466  0.466  0.466  0.466  0.466  0.466  0.466  0.466  0.466  0.466  0.466  0.466  0.466  0.466  0.466  0.466  0.466  0.466  0.466  0.466  0.466  0.466
0.466  0.466  0.466  0.466  0.466  0.466  0.466  0.466  0.466  0.466  0.466  0.466  0.466  0.466  0.466  0.466  0.466  0.466  0.466  0.466  0.466  0.466  0.466  0.466  0.466  0.466
0.466  0.466  0.466  0.466  0.466  0.466  0.466  0.466  0.466  0.466  0.466  0.466  0.466  0.466  0.466  0.466  0.466  0.466  0.466  0.466  0.466  0.466  0.466  0.466  0.466  0.466
0.466  0.466  0.466  0.466  0.466  0.466  0.466  0.466  0.466  0.466  0.466  0.466  0.466  0.466  0.466  0.466  0.466  0.466  0.466  0.466  0.466  0.466  0.466  0.466  0.466  0.466
0.466  0.466  0.466  0.466  0.466  0.466  0.466  0.466  0.466  0.466  0.466  0.466  0.466  0.466  0.466  0.466  0.466  0.466  0.466  0.466  0.466  0.466  0.466  0.466  0.466  0.466
0.466  0.466  0.466  0.466  0.466  0.466  0.466  0.466  0.466  0.466  0.466  0.466  0.466  0.466  0.466  0.466  0.466  0.466  0.466  0.466  0.466  0.466  0.466  0.466  0.466  0.466
0.466  0.466  0.466  0.466  0.466  0.466  0.466  0.466  0.466  0.466  0.466  0.466  0.466  0.466  0.466  0.466  0.466  0.466  0.466  0.466  0.466  0.466  0.466  0.466  0.466  0.466
0.466  0.466  0.466  0.466  0.466  0.466  0.466  0.466  0.466  0.466  0.466  0.466  0.466  0.466  0.466  0.466  0.466  0.466  0.466  0.466  0.466  0.466  0.466  0.466  0.466  0.466
0.466  0.466  0.466  0.466  0.466  0.466  0.466  0.466  0.466  0.466  0.466  0.466  0.466  0.466  0.466  0.466  0.466  0.466  0.466  0.466  0.466  0.466  0.466  0.466  0.466  0.466
0.466  0.466  0.466  0.466  0.466  0.466  0.466  0.466  0.466  0.466  0.466  0.466  0.466  0.466  0.466  0.466  0.466  0.466  0.466  0.466  0.466  0.466  0.466  0.466  0.466  0.466
0.466  0.466  0.466  0.466  0.466  0.466  0.466  0.466  0.466  0.466  0.466  0.466  0.466  0.466  0.466  0.466  0.466  0.466  0.466  0.466  0.466  0.466  0.466  0.466  0.466  0.466
0.466  0.466  0.466  0.466  0.466  0.466  0.466  0.466  0.466  0.466  0.466  0.466  0.466  0.466  0.466  0.466  0.466  0.466  0.466  0.466  0.466  0.466  0.466  0.466  0.466  0.466

Channel 2
0.833  0.833  0.833  0.833  0.833  0.833  0.833  0.833  0.833  0.833  0.833  0.833  0.833  0.833  0.833  0.833  0.833  0.833  0.833  0.833  0.833  0.833  0.833  0.833  0.833  0.833
0.833  0.833  0.833  0.833  0.833  0.833  0.833  0.833  0.833  0.833  0.833  0.833  0.833  0.833  0.833  0.833  0.833  0.833  0.833  0.833  0.833  0.833  0.833  0.833  0.833  0.833
0.833  0.833  0.833  0.833  0.833  0.833  0.833  0.833  0.833  0.833  0.833  0.833  0.833  0.833  0.833  0.833  0.833  0.833  0.833  0.833  0.833  0.833  0.833  0.833  0.833  0.833
0.833  0.833  0.833  0.833  0.833  0.833  0.833  0.833  0.833  0.833  0.833  0.833  0.833  0.833  0.833  0.833  0.833  0.833  0.833  0.833  0.833  0.833  0.833  0.833  0.833  0.833
0.833  0.833  0.833  0.833  0.833  0.833  0.833  0.833  0.833  0.833  0.833  0.833  0.833  0.833  0.833  0.833  0.833  0.833  0.833  0.833  0.833  0.833  0.833  0.833  0.833  0.833
0.833  0.833  0.833  0.833  0.833  0.833  0.833  0.833  0.833  0.833  0.833  0.833  0.833  0.833  0.833  0.833  0.833  0.833  0.833  0.833  0.833  0.833  0.833  0.833  0.833  0.833
0.833  0.833  0.833  0.833  0.833  0.833  0.833  0.833  0.833  0.833  0.833  0.833  0.833  0.833  0.833  0.833  0.833  0.833  0.833  0.833  0.833  0.833  0.833  0.833  0.833  0.833
0.833  0.833  0.833  0.833  0.833  0.833  0.833  0.833  0.833  0.833  0.833  0.833  0.833  0.833  0.833  0.833  0.833  0.833  0.833  0.833  0.833  0.833  0.833  0.833  0.833  0.833
0.833  0.833  0.833  0.833  0.833  0.833  0.833  0.833  0.833  0.833  0.833  0.833  0.833  0.833  0.833  0.833  0.833  0.833  0.833  0.833  0.833  0.833  0.833  0.833  0.833  0.833
0.833  0.833  0.833  0.833  0.833  0.833  0.833  0.833  0.833  0.833  0.833  0.833  0.833  0.833  0.833  0.833  0.833  0.833  0.833  0.833  0.833  0.833  0.833  0.833  0.833  0.833
0.833  0.833  0.833  0.833  0.833  0.833  0.833  0.833  0.833  0.833  0.833  0.833  0.833  0.833  0.833  0.833  0.833  0.833  0.833  0.833  0.833  0.833  0.833  0.833  0.833  0.833
0.833  0.833  0.833  0.833  0.833  0.833  0.833  0.833  0.833  0.833  0.833  0.833  0.833  0.833  0.833  0.833  0.833  0.833  0.833  0.833  0.833  0.833  0.833  0.833  0.833  0.833
0.833  0.833  0.833  0.833  0.833  0.833  0.833  0.833  0.833  0.833  0.833  0.833  0.833  0.833  0.833  0.833  0.833  0.833  0.833  0.833  0.833  0.833  0.833  0.833  0.833  0.833
0.833  0.833  0.833  0.833  0.833  0.833  0.833  0.833  0.833  0.833  0.833  0.833  0.833  0.833  0.833  0.833  0.833  0.833  0.833  0.833  0.833  0.833  0.833  0.833  0.833  0.833
0.833  0.833  0.833  0.833  0.833  0.833  0.833  0.833  0.833  0.833  0.833  0.833  0.833  0.833  0.833  0.833  0.833  0.833  0.833  0.833  0.833  0.833  0.833  0.833  0.833  0.833
0.833  0.833  0.833  0.833  0.833  0.833  0.833  0.833  0.833  0.833  0.833  0.833  0.833  0.833  0.833  0.833  0.833  0.833  0.833  0.833  0.833  0.833  0.833  0.833  0.833  0.833
0.833  0.833  0.833  0.833  0.833  0.833  0.833  0.833  0.833  0.833  0.833  0.833  0.833  0.833  0.833  0.833  0.833  0.833  0.833  0.833  0.833  0.833  0.833  0.833  0.833  0.833
0.833  0.833  0.833  0.833  0.833  0.833  0.833  0.833  0.833  0.833  0.833  0.833  0.833  0.833  0.833  0.833  0.833  0.833  0.833  0.833  0.833  0.833  0.833  0.833  0.833  0.833
0.833  0.833  0.833  0.833  0.833  0.833  0.833  0.833  0.833  0.833  0.833  0.833  0.833  0.833  0.833  0.833  0.833  0.833  0.833  0.833  0.833  0.833  0.833  0.833  0.833  0.833
0.833  0.833  0.833  0.833  0.833  0.833  0.833  0.833  0.833  0.833  0.833  0.833  0.833  0.833  0.833  0.833  0.833  0.833  0.833  0.833  0.833  0.833  0.833  0.833  0.833  0.833
0.833  0.833  0.833  0.833  0.833  0.833  0.833  0.833  0.833  0.833  0.833  0.833  0.833  0.833  0.833  0.833  0.833  0.833  0.833  0.833  0.833  0.833  0.833  0.833  0.833  0.833
0.833  0.833  0.833  0.833  0.833  0.833  0.833  0.833  0.833  0.833  0.833  0.833  0.833  0.833  0.833  0.833  0.833  0.833  0.833  0.833  0.833  0.833  0.833  0.833  0.833  0.833
0.833  0.833  0.833  0.833  0.833  0.833  0.833  0.833  0.833  0.833  0.833  0.833  0.833  0.833  0.833  0.833  0.833  0.833  0.833  0.833  0.833  0.833  0.833  0.833  0.833  0.833
0.833  0.833  0.833  0.833  0.833  0.833  0.833  0.833  0.833  0.833  0.833  0.833  0.833  0.833  0.833  0.833  0.833  0.833  0.833  0.833  0.833  0.833  0.833  0.833  0.833  0.833
0.833  0.833  0.833  0.833  0.833  0.833  0.833  0.833  0.833  0.833  0.833  0.833  0.833  0.833  0.833  0.833  0.833  0.833  0.833  0.833  0.833  0.833  0.833  0.833  0.833  0.833
0.833  0.833  0.833  0.833  0.833  0.833  0.833  0.833  0.833  0.833  0.833  0.833  0.833  0.833  0.833  0.833  0.833  0.833  0.833  0.833  0.833  0.833  0.833  0.833  0.833  0.833

Channel 3
-0.081  -0.081  -0.081  -0.081  -0.081  -0.081  -0.081  -0.081  -0.081  -0.081  -0.081  -0.081  -0.081  -0.081  -0.081  -0.081  -0.081  -0.081  -0.081  -0.081  -0.081  -0.081  -0.081  -0.081  -0.081  -0.081
-0.081  -0.081  -0.081  -0.081  -0.081  -0.081  -0.081  -0.081  -0.081  -0.081  -0.081  -0.081  -0.081  -0.081  -0.081  -0.081  -0.081  -0.081  -0.081  -0.081  -0.081  -0.081  -0.081  -0.081  -0.081  -0.081
-0.081  -0.081  -0.081  -0.081  -0.081  -0.081  -0.081  -0.081  -0.081  -0.081  -0.081  -0.081  -0.081  -0.081  -0.081  -0.081  -0.081  -0.081  -0.081  -0.081  -0.081  -0.081  -0.081  -0.081  -0.081  -0.081
-0.081  -0.081  -0.081  -0.081  -0.081  -0.081  -0.081  -0.081  -0.081  -0.081  -0.081  -0.081  -0.081  -0.081  -0.081  -0.081  -0.081  -0.081  -0.081  -0.081  -0.081  -0.081  -0.081  -0.081  -0.081  -0.081
-0.081  -0.081  -0.081  -0.081  -0.081  -0.081  -0.081  -0.081  -0.081  -0.081  -0.081  -0.081  -0.081  -0.081  -0.081  -0.081  -0.081  -0.081  -0.081  -0.081  -0.081  -0.081  -0.081  -0.081  -0.081  -0.081
-0.081  -0.081  -0.081  -0.081  -0.081  -0.081  -0.081  -0.081  -0.081  -0.081  -0.081  -0.081  -0.081  -0.081  -0.081  -0.081  -0.081  -0.081  -0.081  -0.081  -0.081  -0.081  -0.081  -0.081  -0.081  -0.081
-0.081  -0.081  -0.081  -0.081  -0.081  -0.081  -0.081  -0.081  -0.081  -0.081  -0.081  -0.081  -0.081  -0.081  -0.081  -0.081  -0.081  -0.081  -0.081  -0.081  -0.081  -0.081  -0.081  -0.081  -0.081  -0.081
-0.081  -0.081  -0.081  -0.081  -0.081  -0.081  -0.081  -0.081  -0.081  -0.081  -0.081  -0.081  -0.081  -0.081  -0.081  -0.081  -0.081  -0.081  -0.081  -0.081  -0.081  -0.081  -0.081  -0.081  -0.081  -0.081
-0.081  -0.081  -0.081  -0.081  -0.081  -0.081  -0.081  -0.081  -0.081  -0.081  -0.081  -0.081  -0.081  -0.081  -0.081  -0.081  -0.081  -0.081  -0.081  -0.081  -0.081  -0.081  -0.081  -0.081  -0.081  -0.081
-0.081  -0.081  -0.081  -0.081  -0.081  -0.081  -0.081  -0.081  -0.081  -0.081  -0.081  -0.081  -0.081  -0.081  -0.081  -0.081  -0.081  -0.081  -0.081  -0.081  -0.081  -0.081  -0.081  -0.081  -0.081  -0.081
-0.081  -0.081  -0.081  -0.081  -0.081  -0.081  -0.081  -0.081  -0.081  -0.081  -0.081  -0.081  -0.081  -0.081  -0.081  -0.081  -0.081  -0.081  -0.081  -0.081  -0.081  -0.081  -0.081  -0.081  -0.081  -0.081
-0.081  -0.081  -0.081  -0.081  -0.081  -0.081  -0.081  -0.081  -0.081  -0.081  -0.081  -0.081  -0.081  -0.081  -0.081  -0.081  -0.081  -0.081  -0.081  -0.081  -0.081  -0.081  -0.081  -0.081  -0.081  -0.081
-0.081  -0.081  -0.081  -0.081  -0.081  -0.081  -0.081  -0.081  -0.081  -0.081  -0.081  -0.081  -0.081  -0.081  -0.081  -0.081  -0.081  -0.081  -0.081  -0.081  -0.081  -0.081  -0.081  -0.081  -0.081  -0.081
-0.081  -0.081  -0.081  -0.081  -0.081  -0.081  -0.081  -0.081  -0.081  -0.081  -0.081  -0.081  -0.081  -0.081  -0.081  -0.081  -0.081  -0.081  -0.081  -0.081  -0.081  -0.081  -0.081  -0.081  -0.081  -0.081
-0.081  -0.081  -0.081  -0.081  -0.081  -0.081  -0.081  -0.081  -0.081  -0.081  -0.081  -0.081  -0.081  -0.081  -0.081  -0.081  -0.081  -0.081  -0.081  -0.081  -0.081  -0.081  -0.081  -0.081  -0.081  -0.081
-0.081  -0.081  -0.081  -0.081  -0.081  -0.081  -0.081  -0.081  -0.081  -0.081  -0.081  -0.081  -0.081  -0.081  -0.081  -0.081  -0.081  -0.081  -0.081  -0.081  -0.081  -0.081  -0.081  -0.081  -0.081  -0.081
-0.081  -0.081  -0.081  -0.081  -0.081  -0.081  -0.081  -0.081  -0.081  -0.081  -0.081  -0.081  -0.081  -0.081  -0.081  -0.081  -0.081  -0.081  -0.081  -0.081  -0.081  -0.081  -0.081  -0.081  -0.081  -0.081
-0.081  -0.081  -0.081  -0.081  -0.081  -0.081  -0.081  -0.081  -0.081  -0.081  -0.081  -0.081  -0.081  -0.081  -0.081  -0.081  -0.081  -0.081  -0.081  -0.081  -0.081  -0.081  -0.081  -0.081  -0.081  -0.081
-0.081  -0.081  -0.081  -0.081  -0.081  -0.081  -0.081  -0.081  -0.081  -0.081  -0.081  -0.081  -0.081  -0.081  -0.081  -0.081  -0.081  -0.081  -0.081  -0.081  -0.081  -0.081  -0.081  -0.081  -0.081  -0.081
-0.081  -0.081  -0.081  -0.081  -0.081  -0.081  -0.081  -0.081  -0.081  -0.081  -0.081  -0.081  -0.081  -0.081  -0.081  -0.081  -0.081  -0.081  -0.081  -0.081  -0.081  -0.081  -0.081  -0.081  -0.081  -0.081
-0.081  -0.081  -0.081  -0.081  -0.081  -0.081  -0.081  -0.081  -0.081  -0.081  -0.081  -0.081  -0.081  -0.081  -0.081  -0.081  -0.081  -0.081  -0.081  -0.081  -0.081  -0.081  -0.081  -0.081  -0.081  -0.081
-0.081  -0.081  -0.081  -0.081  -0.081  -0.081  -0.081  -0.081  -0.081  -0.081  -0.081  -0.081  -0.081  -0.081  -0.081  -0.081  -0.081  -0.081  -0.081  -0.081  -0.081  -0.081  -0.081  -0.081  -0.081  -0.081
-0.081  -0.081  -0.081  -0.081  -0.081  -0.081  -0.081  -0.081  -0.081  -0.081  -0.081  -0.081  -0.081  -0.081  -0.081  -0.081  -0.081  -0.081  -0.081  -0.081  -0.081  -0.081  -0.081  -0.081  -0.081  -0.081
-0.081  -0.081  -0.081  -0.081  -0.081  -0.081  -0.081  -0.081  -0.081  -0.081  -0.081  -0.081  -0.081  -0.081  -0.081  -0.081  -0.081  -0.081  -0.081  -0.081  -0.081  -0.081  -0.081  -0.081  -0.081  -0.081
-0.081  -0.081  -0.081  -0.081  -0.081  -0.081  -0.081  -0.081  -0.081  -0.081  -0.081  -0.081  -0.081  -0.081  -0.081  -0.081  -0.081  -0.081  -0.081  -0.081  -0.081  -0.081  -0.081  -0.081  -0.081  -0.081
-0.081  -0.081  -0.081  -0.081  -0.081  -0.081  -0.081  -0.081  -0.081  -0.081  -0.081  -0.081  -0.081  -0.081  -0.081  -0.081  -0.081  -0.081  -0.081  -0.081  -0.081  -0.081  -0.081  -0.081  -0.081  -0.081

Channel 4
0.184  0.184  0.184  0.184  0.184  0.184  0.184  0.184  0.184  0.184  0.184  0.184  0.184  0.184  0.184  0.184  0.184  0.184  0.184  0.184  0.184  0.184  0.184  0.184  0.184  0.184
0.184  0.184  0.184  0.184  0.184  0.184  0.184  0.184  0.184  0.184  0.184  0.184  0.184  0.184  0.184  0.184  0.184  0.184  0.184  0.184  0.184  0.184  0.184  0.184  0.184  0.184
0.184  0.184  0.184  0.184  0.184  0.184  0.184  0.184  0.184  0.184  0.184  0.184  0.184  0.184  0.184  0.184  0.184  0.184  0.184  0.184  0.184  0.184  0.184  0.184  0.184  0.184
0.184  0.184  0.184  0.184  0.184  0.184  0.184  0.184  0.184  0.184  0.184  0.184  0.184  0.184  0.184  0.184  0.184  0.184  0.184  0.184  0.184  0.184  0.184  0.184  0.184  0.184
0.184  0.184  0.184  0.184  0.184  0.184  0.184  0.184  0.184  0.184  0.184  0.184  0.184  0.184  0.184  0.184  0.184  0.184  0.184  0.184  0.184  0.184  0.184  0.184  0.184  0.184
0.184  0.184  0.184  0.184  0.184  0.184  0.184  0.184  0.184  0.184  0.184  0.184  0.184  0.184  0.184  0.184  0.184  0.184  0.184  0.184  0.184  0.184  0.184  0.184  0.184  0.184
0.184  0.184  0.184  0.184  0.184  0.184  0.184  0.184  0.184  0.184  0.184  0.184  0.184  0.184  0.184  0.184  0.184  0.184  0.184  0.184  0.184  0.184  0.184  0.184  0.184  0.184
0.184  0.184  0.184  0.184  0.184  0.184  0.184  0.184  0.184  0.184  0.184  0.184  0.184  0.184  0.184  0.184  0.184  0.184  0.184  0.184  0.184  0.184  0.184  0.184  0.184  0.184
0.184  0.184  0.184  0.184  0.184  0.184  0.184  0.184  0.184  0.184  0.184  0.184  0.184  0.184  0.184  0.184  0.184  0.184  0.184  0.184  0.184  0.184  0.184  0.184  0.184  0.184
0.184  0.184  0.184  0.184  0.184  0.184  0.184  0.184  0.184  0.184  0.184  0.184  0.184  0.184  0.184  0.184  0.184  0.184  0.184  0.184  0.184  0.184  0.184  0.184  0.184  0.184
0.184  0.184  0.184  0.184  0.184  0.184  0.184  0.184  0.184  0.184  0.184  0.184  0.184  0.184  0.184  0.184  0.184  0.184  0.184  0.184  0.184  0.184  0.184  0.184  0.184  0.184
0.184  0.184  0.184  0.184  0.184  0.184  0.184  0.184  0.184  0.184  0.184  0.184  0.184  0.184  0.184  0.184  0.184  0.184  0.184  0.184  0.184  0.184  0.184  0.184  0.184  0.184
0.184  0.184  0.184  0.184  0.184  0.184  0.184  0.184  0.184  0.184  0.184  0.184  0.184  0.184  0.184  0.184  0.184  0.184  0.184  0.184  0.184  0.184  0.184  0.184  0.184  0.184
0.184  0.184  0.184  0.184  0.184  0.184  0.184  0.184  0.184  0.184  0.184  0.184  0.184  0.184  0.184  0.184  0.184  0.184  0.184  0.184  0.184  0.184  0.184  0.184  0.184  0.184
0.184  0.184  0.184  0.184  0.184  0.184  0.184  0.184  0.184  0.184  0.184  0.184  0.184  0.184  0.184  0.184  0.184  0.184  0.184  0.184  0.184  0.184  0.184  0.184  0.184  0.184
0.184  0.184  0.184  0.184  0.184  0.184  0.184  0.184  0.184  0.184  0.184  0.184  0.184  0.184  0.184  0.184  0.184  0.184  0.184  0.184  0.184  0.184  0.184  0.184  0.184  0.184
0.184  0.184  0.184  0.184  0.184  0.184  0.184  0.184  0.184  0.184  0.184  0.184  0.184  0.184  0.184  0.184  0.184  0.184  0.184  0.184  0.184  0.184  0.184  0.184  0.184  0.184
0.184  0.184  0.184  0.184  0.184  0.184  0.184  0.184  0.184  0.184  0.184  0.184  0.184  0.184  0.184  0.184  0.184  0.184  0.184  0.184  0.184  0.184  0.184  0.184  0.184  0.184
0.184  0.184  0.184  0.184  0.184  0.184  0.184  0.184  0.184  0.184  0.184  0.184  0.184  0.184  0.184  0.184  0.184  0.184  0.184  0.184  0.184  0.184  0.184  0.184  0.184  0.184
0.184  0.184  0.184  0.184  0.184  0.184  0.184  0.184  0.184  0.184  0.184  0.184  0.184  0.184  0.184  0.184  0.184  0.184  0.184  0.184  0.184  0.184  0.184  0.184  0.184  0.184
0.184  0.184  0.184  0.184  0.184  0.184  0.184  0.184  0.184  0.184  0.184  0.184  0.184  0.184  0.184  0.184  0.184  0.184  0.184  0.184  0.184  0.184  0.184  0.184  0.184  0.184
0.184  0.184  0.184  0.184  0.184  0.184  0.184  0.184  0.184  0.184  0.184  0.184  0.184  0.184  0.184  0.184  0.184  0.184  0.184  0.184  0.184  0.184  0.184  0.184  0.184  0.184
0.184  0.184  0.184  0.184  0.184  0.184  0.184  0.184  0.184  0.184  0.184  0.184  0.184  0.184  0.184  0.184  0.184  0.184  0.184  0.184  0.184  0.184  0.184  0.184  0.184  0.184
0.184  0.184  0.184  0.184  0.184  0.184  0.184  0.184  0.184  0.184  0.184  0.184  0.184  0.184  0.184  0.184  0.184  0.184  0.184  0.184  0.184  0.184  0.184  0.184  0.184  0.184
0.184  0.184  0.184  0.184  0.184  0.184  0.184  0.184  0.184  0.184  0.184  0.184  0.184  0.184  0.184  0.184  0.184  0.184  0.184  0.184  0.184  0.184  0.184  0.184  0.184  0.184
0.184  0.184  0.184  0.184  0.184  0.184  0.184  0.184  0.184  0.184  0.184  0.184  0.184  0.184  0.184  0.184  0.184  0.184  0.184  0.184  0.184  0.184  0.184  0.184  0.184  0.184


======================================================================= Layer 1, l1_mat after relu
Channel 0
1.086  1.086  1.086  1.086  1.086  1.086  1.086  1.086  1.086  1.086  1.086  1.086  1.086  1.086  1.086  1.086  1.086  1.086  1.086  1.086  1.086  1.086  1.086  1.086  1.086  1.086
1.086  1.086  1.086  1.086  1.086  1.086  1.086  1.086  1.086  1.086  1.086  1.086  1.086  1.086  1.086  1.086  1.086  1.086  1.086  1.086  1.086  1.086  1.086  1.086  1.086  1.086
1.086  1.086  1.086  1.086  1.086  1.086  1.086  1.086  1.086  1.086  1.086  1.086  1.086  1.086  1.086  1.086  1.086  1.086  1.086  1.086  1.086  1.086  1.086  1.086  1.086  1.086
1.086  1.086  1.086  1.086  1.086  1.086  1.086  1.086  1.086  1.086  1.086  1.086  1.086  1.086  1.086  1.086  1.086  1.086  1.086  1.086  1.086  1.086  1.086  1.086  1.086  1.086
1.086  1.086  1.086  1.086  1.086  1.086  1.086  1.086  1.086  1.086  1.086  1.086  1.086  1.086  1.086  1.086  1.086  1.086  1.086  1.086  1.086  1.086  1.086  1.086  1.086  1.086
1.086  1.086  1.086  1.086  1.086  1.086  1.086  1.086  1.086  1.086  1.086  1.086  1.086  1.086  1.086  1.086  1.086  1.086  1.086  1.086  1.086  1.086  1.086  1.086  1.086  1.086
1.086  1.086  1.086  1.086  1.086  1.086  1.086  1.086  1.086  1.086  1.086  1.086  1.086  1.086  1.086  1.086  1.086  1.086  1.086  1.086  1.086  1.086  1.086  1.086  1.086  1.086
1.086  1.086  1.086  1.086  1.086  1.086  1.086  1.086  1.086  1.086  1.086  1.086  1.086  1.086  1.086  1.086  1.086  1.086  1.086  1.086  1.086  1.086  1.086  1.086  1.086  1.086
1.086  1.086  1.086  1.086  1.086  1.086  1.086  1.086  1.086  1.086  1.086  1.086  1.086  1.086  1.086  1.086  1.086  1.086  1.086  1.086  1.086  1.086  1.086  1.086  1.086  1.086
1.086  1.086  1.086  1.086  1.086  1.086  1.086  1.086  1.086  1.086  1.086  1.086  1.086  1.086  1.086  1.086  1.086  1.086  1.086  1.086  1.086  1.086  1.086  1.086  1.086  1.086
1.086  1.086  1.086  1.086  1.086  1.086  1.086  1.086  1.086  1.086  1.086  1.086  1.086  1.086  1.086  1.086  1.086  1.086  1.086  1.086  1.086  1.086  1.086  1.086  1.086  1.086
1.086  1.086  1.086  1.086  1.086  1.086  1.086  1.086  1.086  1.086  1.086  1.086  1.086  1.086  1.086  1.086  1.086  1.086  1.086  1.086  1.086  1.086  1.086  1.086  1.086  1.086
1.086  1.086  1.086  1.086  1.086  1.086  1.086  1.086  1.086  1.086  1.086  1.086  1.086  1.086  1.086  1.086  1.086  1.086  1.086  1.086  1.086  1.086  1.086  1.086  1.086  1.086
1.086  1.086  1.086  1.086  1.086  1.086  1.086  1.086  1.086  1.086  1.086  1.086  1.086  1.086  1.086  1.086  1.086  1.086  1.086  1.086  1.086  1.086  1.086  1.086  1.086  1.086
1.086  1.086  1.086  1.086  1.086  1.086  1.086  1.086  1.086  1.086  1.086  1.086  1.086  1.086  1.086  1.086  1.086  1.086  1.086  1.086  1.086  1.086  1.086  1.086  1.086  1.086
1.086  1.086  1.086  1.086  1.086  1.086  1.086  1.086  1.086  1.086  1.086  1.086  1.086  1.086  1.086  1.086  1.086  1.086  1.086  1.086  1.086  1.086  1.086  1.086  1.086  1.086
1.086  1.086  1.086  1.086  1.086  1.086  1.086  1.086  1.086  1.086  1.086  1.086  1.086  1.086  1.086  1.086  1.086  1.086  1.086  1.086  1.086  1.086  1.086  1.086  1.086  1.086
1.086  1.086  1.086  1.086  1.086  1.086  1.086  1.086  1.086  1.086  1.086  1.086  1.086  1.086  1.086  1.086  1.086  1.086  1.086  1.086  1.086  1.086  1.086  1.086  1.086  1.086
1.086  1.086  1.086  1.086  1.086  1.086  1.086  1.086  1.086  1.086  1.086  1.086  1.086  1.086  1.086  1.086  1.086  1.086  1.086  1.086  1.086  1.086  1.086  1.086  1.086  1.086
1.086  1.086  1.086  1.086  1.086  1.086  1.086  1.086  1.086  1.086  1.086  1.086  1.086  1.086  1.086  1.086  1.086  1.086  1.086  1.086  1.086  1.086  1.086  1.086  1.086  1.086
1.086  1.086  1.086  1.086  1.086  1.086  1.086  1.086  1.086  1.086  1.086  1.086  1.086  1.086  1.086  1.086  1.086  1.086  1.086  1.086  1.086  1.086  1.086  1.086  1.086  1.086
1.086  1.086  1.086  1.086  1.086  1.086  1.086  1.086  1.086  1.086  1.086  1.086  1.086  1.086  1.086  1.086  1.086  1.086  1.086  1.086  1.086  1.086  1.086  1.086  1.086  1.086
1.086  1.086  1.086  1.086  1.086  1.086  1.086  1.086  1.086  1.086  1.086  1.086  1.086  1.086  1.086  1.086  1.086  1.086  1.086  1.086  1.086  1.086  1.086  1.086  1.086  1.086
1.086  1.086  1.086  1.086  1.086  1.086  1.086  1.086  1.086  1.086  1.086  1.086  1.086  1.086  1.086  1.086  1.086  1.086  1.086  1.086  1.086  1.086  1.086  1.086  1.086  1.086
1.086  1.086  1.086  1.086  1.086  1.086  1.086  1.086  1.086  1.086  1.086  1.086  1.086  1.086  1.086  1.086  1.086  1.086  1.086  1.086  1.086  1.086  1.086  1.086  1.086  1.086
1.086  1.086  1.086  1.086  1.086  1.086  1.086  1.086  1.086  1.086  1.086  1.086  1.086  1.086  1.086  1.086  1.086  1.086  1.086  1.086  1.086  1.086  1.086  1.086  1.086  1.086

Channel 1
0.466  0.466  0.466  0.466  0.466  0.466  0.466  0.466  0.466  0.466  0.466  0.466  0.466  0.466  0.466  0.466  0.466  0.466  0.466  0.466  0.466  0.466  0.466  0.466  0.466  0.466
0.466  0.466  0.466  0.466  0.466  0.466  0.466  0.466  0.466  0.466  0.466  0.466  0.466  0.466  0.466  0.466  0.466  0.466  0.466  0.466  0.466  0.466  0.466  0.466  0.466  0.466
0.466  0.466  0.466  0.466  0.466  0.466  0.466  0.466  0.466  0.466  0.466  0.466  0.466  0.466  0.466  0.466  0.466  0.466  0.466  0.466  0.466  0.466  0.466  0.466  0.466  0.466
0.466  0.466  0.466  0.466  0.466  0.466  0.466  0.466  0.466  0.466  0.466  0.466  0.466  0.466  0.466  0.466  0.466  0.466  0.466  0.466  0.466  0.466  0.466  0.466  0.466  0.466
0.466  0.466  0.466  0.466  0.466  0.466  0.466  0.466  0.466  0.466  0.466  0.466  0.466  0.466  0.466  0.466  0.466  0.466  0.466  0.466  0.466  0.466  0.466  0.466  0.466  0.466
0.466  0.466  0.466  0.466  0.466  0.466  0.466  0.466  0.466  0.466  0.466  0.466  0.466  0.466  0.466  0.466  0.466  0.466  0.466  0.466  0.466  0.466  0.466  0.466  0.466  0.466
0.466  0.466  0.466  0.466  0.466  0.466  0.466  0.466  0.466  0.466  0.466  0.466  0.466  0.466  0.466  0.466  0.466  0.466  0.466  0.466  0.466  0.466  0.466  0.466  0.466  0.466
0.466  0.466  0.466  0.466  0.466  0.466  0.466  0.466  0.466  0.466  0.466  0.466  0.466  0.466  0.466  0.466  0.466  0.466  0.466  0.466  0.466  0.466  0.466  0.466  0.466  0.466
0.466  0.466  0.466  0.466  0.466  0.466  0.466  0.466  0.466  0.466  0.466  0.466  0.466  0.466  0.466  0.466  0.466  0.466  0.466  0.466  0.466  0.466  0.466  0.466  0.466  0.466
0.466  0.466  0.466  0.466  0.466  0.466  0.466  0.466  0.466  0.466  0.466  0.466  0.466  0.466  0.466  0.466  0.466  0.466  0.466  0.466  0.466  0.466  0.466  0.466  0.466  0.466
0.466  0.466  0.466  0.466  0.466  0.466  0.466  0.466  0.466  0.466  0.466  0.466  0.466  0.466  0.466  0.466  0.466  0.466  0.466  0.466  0.466  0.466  0.466  0.466  0.466  0.466
0.466  0.466  0.466  0.466  0.466  0.466  0.466  0.466  0.466  0.466  0.466  0.466  0.466  0.466  0.466  0.466  0.466  0.466  0.466  0.466  0.466  0.466  0.466  0.466  0.466  0.466
0.466  0.466  0.466  0.466  0.466  0.466  0.466  0.466  0.466  0.466  0.466  0.466  0.466  0.466  0.466  0.466  0.466  0.466  0.466  0.466  0.466  0.466  0.466  0.466  0.466  0.466
0.466  0.466  0.466  0.466  0.466  0.466  0.466  0.466  0.466  0.466  0.466  0.466  0.466  0.466  0.466  0.466  0.466  0.466  0.466  0.466  0.466  0.466  0.466  0.466  0.466  0.466
0.466  0.466  0.466  0.466  0.466  0.466  0.466  0.466  0.466  0.466  0.466  0.466  0.466  0.466  0.466  0.466  0.466  0.466  0.466  0.466  0.466  0.466  0.466  0.466  0.466  0.466
0.466  0.466  0.466  0.466  0.466  0.466  0.466  0.466  0.466  0.466  0.466  0.466  0.466  0.466  0.466  0.466  0.466  0.466  0.466  0.466  0.466  0.466  0.466  0.466  0.466  0.466
0.466  0.466  0.466  0.466  0.466  0.466  0.466  0.466  0.466  0.466  0.466  0.466  0.466  0.466  0.466  0.466  0.466  0.466  0.466  0.466  0.466  0.466  0.466  0.466  0.466  0.466
0.466  0.466  0.466  0.466  0.466  0.466  0.466  0.466  0.466  0.466  0.466  0.466  0.466  0.466  0.466  0.466  0.466  0.466  0.466  0.466  0.466  0.466  0.466  0.466  0.466  0.466
0.466  0.466  0.466  0.466  0.466  0.466  0.466  0.466  0.466  0.466  0.466  0.466  0.466  0.466  0.466  0.466  0.466  0.466  0.466  0.466  0.466  0.466  0.466  0.466  0.466  0.466
0.466  0.466  0.466  0.466  0.466  0.466  0.466  0.466  0.466  0.466  0.466  0.466  0.466  0.466  0.466  0.466  0.466  0.466  0.466  0.466  0.466  0.466  0.466  0.466  0.466  0.466
0.466  0.466  0.466  0.466  0.466  0.466  0.466  0.466  0.466  0.466  0.466  0.466  0.466  0.466  0.466  0.466  0.466  0.466  0.466  0.466  0.466  0.466  0.466  0.466  0.466  0.466
0.466  0.466  0.466  0.466  0.466  0.466  0.466  0.466  0.466  0.466  0.466  0.466  0.466  0.466  0.466  0.466  0.466  0.466  0.466  0.466  0.466  0.466  0.466  0.466  0.466  0.466
0.466  0.466  0.466  0.466  0.466  0.466  0.466  0.466  0.466  0.466  0.466  0.466  0.466  0.466  0.466  0.466  0.466  0.466  0.466  0.466  0.466  0.466  0.466  0.466  0.466  0.466
0.466  0.466  0.466  0.466  0.466  0.466  0.466  0.466  0.466  0.466  0.466  0.466  0.466  0.466  0.466  0.466  0.466  0.466  0.466  0.466  0.466  0.466  0.466  0.466  0.466  0.466
0.466  0.466  0.466  0.466  0.466  0.466  0.466  0.466  0.466  0.466  0.466  0.466  0.466  0.466  0.466  0.466  0.466  0.466  0.466  0.466  0.466  0.466  0.466  0.466  0.466  0.466
0.466  0.466  0.466  0.466  0.466  0.466  0.466  0.466  0.466  0.466  0.466  0.466  0.466  0.466  0.466  0.466  0.466  0.466  0.466  0.466  0.466  0.466  0.466  0.466  0.466  0.466

Channel 2
0.833  0.833  0.833  0.833  0.833  0.833  0.833  0.833  0.833  0.833  0.833  0.833  0.833  0.833  0.833  0.833  0.833  0.833  0.833  0.833  0.833  0.833  0.833  0.833  0.833  0.833
0.833  0.833  0.833  0.833  0.833  0.833  0.833  0.833  0.833  0.833  0.833  0.833  0.833  0.833  0.833  0.833  0.833  0.833  0.833  0.833  0.833  0.833  0.833  0.833  0.833  0.833
0.833  0.833  0.833  0.833  0.833  0.833  0.833  0.833  0.833  0.833  0.833  0.833  0.833  0.833  0.833  0.833  0.833  0.833  0.833  0.833  0.833  0.833  0.833  0.833  0.833  0.833
0.833  0.833  0.833  0.833  0.833  0.833  0.833  0.833  0.833  0.833  0.833  0.833  0.833  0.833  0.833  0.833  0.833  0.833  0.833  0.833  0.833  0.833  0.833  0.833  0.833  0.833
0.833  0.833  0.833  0.833  0.833  0.833  0.833  0.833  0.833  0.833  0.833  0.833  0.833  0.833  0.833  0.833  0.833  0.833  0.833  0.833  0.833  0.833  0.833  0.833  0.833  0.833
0.833  0.833  0.833  0.833  0.833  0.833  0.833  0.833  0.833  0.833  0.833  0.833  0.833  0.833  0.833  0.833  0.833  0.833  0.833  0.833  0.833  0.833  0.833  0.833  0.833  0.833
0.833  0.833  0.833  0.833  0.833  0.833  0.833  0.833  0.833  0.833  0.833  0.833  0.833  0.833  0.833  0.833  0.833  0.833  0.833  0.833  0.833  0.833  0.833  0.833  0.833  0.833
0.833  0.833  0.833  0.833  0.833  0.833  0.833  0.833  0.833  0.833  0.833  0.833  0.833  0.833  0.833  0.833  0.833  0.833  0.833  0.833  0.833  0.833  0.833  0.833  0.833  0.833
0.833  0.833  0.833  0.833  0.833  0.833  0.833  0.833  0.833  0.833  0.833  0.833  0.833  0.833  0.833  0.833  0.833  0.833  0.833  0.833  0.833  0.833  0.833  0.833  0.833  0.833
0.833  0.833  0.833  0.833  0.833  0.833  0.833  0.833  0.833  0.833  0.833  0.833  0.833  0.833  0.833  0.833  0.833  0.833  0.833  0.833  0.833  0.833  0.833  0.833  0.833  0.833
0.833  0.833  0.833  0.833  0.833  0.833  0.833  0.833  0.833  0.833  0.833  0.833  0.833  0.833  0.833  0.833  0.833  0.833  0.833  0.833  0.833  0.833  0.833  0.833  0.833  0.833
0.833  0.833  0.833  0.833  0.833  0.833  0.833  0.833  0.833  0.833  0.833  0.833  0.833  0.833  0.833  0.833  0.833  0.833  0.833  0.833  0.833  0.833  0.833  0.833  0.833  0.833
0.833  0.833  0.833  0.833  0.833  0.833  0.833  0.833  0.833  0.833  0.833  0.833  0.833  0.833  0.833  0.833  0.833  0.833  0.833  0.833  0.833  0.833  0.833  0.833  0.833  0.833
0.833  0.833  0.833  0.833  0.833  0.833  0.833  0.833  0.833  0.833  0.833  0.833  0.833  0.833  0.833  0.833  0.833  0.833  0.833  0.833  0.833  0.833  0.833  0.833  0.833  0.833
0.833  0.833  0.833  0.833  0.833  0.833  0.833  0.833  0.833  0.833  0.833  0.833  0.833  0.833  0.833  0.833  0.833  0.833  0.833  0.833  0.833  0.833  0.833  0.833  0.833  0.833
0.833  0.833  0.833  0.833  0.833  0.833  0.833  0.833  0.833  0.833  0.833  0.833  0.833  0.833  0.833  0.833  0.833  0.833  0.833  0.833  0.833  0.833  0.833  0.833  0.833  0.833
0.833  0.833  0.833  0.833  0.833  0.833  0.833  0.833  0.833  0.833  0.833  0.833  0.833  0.833  0.833  0.833  0.833  0.833  0.833  0.833  0.833  0.833  0.833  0.833  0.833  0.833
0.833  0.833  0.833  0.833  0.833  0.833  0.833  0.833  0.833  0.833  0.833  0.833  0.833  0.833  0.833  0.833  0.833  0.833  0.833  0.833  0.833  0.833  0.833  0.833  0.833  0.833
0.833  0.833  0.833  0.833  0.833  0.833  0.833  0.833  0.833  0.833  0.833  0.833  0.833  0.833  0.833  0.833  0.833  0.833  0.833  0.833  0.833  0.833  0.833  0.833  0.833  0.833
0.833  0.833  0.833  0.833  0.833  0.833  0.833  0.833  0.833  0.833  0.833  0.833  0.833  0.833  0.833  0.833  0.833  0.833  0.833  0.833  0.833  0.833  0.833  0.833  0.833  0.833
0.833  0.833  0.833  0.833  0.833  0.833  0.833  0.833  0.833  0.833  0.833  0.833  0.833  0.833  0.833  0.833  0.833  0.833  0.833  0.833  0.833  0.833  0.833  0.833  0.833  0.833
0.833  0.833  0.833  0.833  0.833  0.833  0.833  0.833  0.833  0.833  0.833  0.833  0.833  0.833  0.833  0.833  0.833  0.833  0.833  0.833  0.833  0.833  0.833  0.833  0.833  0.833
0.833  0.833  0.833  0.833  0.833  0.833  0.833  0.833  0.833  0.833  0.833  0.833  0.833  0.833  0.833  0.833  0.833  0.833  0.833  0.833  0.833  0.833  0.833  0.833  0.833  0.833
0.833  0.833  0.833  0.833  0.833  0.833  0.833  0.833  0.833  0.833  0.833  0.833  0.833  0.833  0.833  0.833  0.833  0.833  0.833  0.833  0.833  0.833  0.833  0.833  0.833  0.833
0.833  0.833  0.833  0.833  0.833  0.833  0.833  0.833  0.833  0.833  0.833  0.833  0.833  0.833  0.833  0.833  0.833  0.833  0.833  0.833  0.833  0.833  0.833  0.833  0.833  0.833
0.833  0.833  0.833  0.833  0.833  0.833  0.833  0.833  0.833  0.833  0.833  0.833  0.833  0.833  0.833  0.833  0.833  0.833  0.833  0.833  0.833  0.833  0.833  0.833  0.833  0.833

Channel 3
0.000  0.000  0.000  0.000  0.000  0.000  0.000  0.000  0.000  0.000  0.000  0.000  0.000  0.000  0.000  0.000  0.000  0.000  0.000  0.000  0.000  0.000  0.000  0.000  0.000  0.000
0.000  0.000  0.000  0.000  0.000  0.000  0.000  0.000  0.000  0.000  0.000  0.000  0.000  0.000  0.000  0.000  0.000  0.000  0.000  0.000  0.000  0.000  0.000  0.000  0.000  0.000
0.000  0.000  0.000  0.000  0.000  0.000  0.000  0.000  0.000  0.000  0.000  0.000  0.000  0.000  0.000  0.000  0.000  0.000  0.000  0.000  0.000  0.000  0.000  0.000  0.000  0.000
0.000  0.000  0.000  0.000  0.000  0.000  0.000  0.000  0.000  0.000  0.000  0.000  0.000  0.000  0.000  0.000  0.000  0.000  0.000  0.000  0.000  0.000  0.000  0.000  0.000  0.000
0.000  0.000  0.000  0.000  0.000  0.000  0.000  0.000  0.000  0.000  0.000  0.000  0.000  0.000  0.000  0.000  0.000  0.000  0.000  0.000  0.000  0.000  0.000  0.000  0.000  0.000
0.000  0.000  0.000  0.000  0.000  0.000  0.000  0.000  0.000  0.000  0.000  0.000  0.000  0.000  0.000  0.000  0.000  0.000  0.000  0.000  0.000  0.000  0.000  0.000  0.000  0.000
0.000  0.000  0.000  0.000  0.000  0.000  0.000  0.000  0.000  0.000  0.000  0.000  0.000  0.000  0.000  0.000  0.000  0.000  0.000  0.000  0.000  0.000  0.000  0.000  0.000  0.000
0.000  0.000  0.000  0.000  0.000  0.000  0.000  0.000  0.000  0.000  0.000  0.000  0.000  0.000  0.000  0.000  0.000  0.000  0.000  0.000  0.000  0.000  0.000  0.000  0.000  0.000
0.000  0.000  0.000  0.000  0.000  0.000  0.000  0.000  0.000  0.000  0.000  0.000  0.000  0.000  0.000  0.000  0.000  0.000  0.000  0.000  0.000  0.000  0.000  0.000  0.000  0.000
0.000  0.000  0.000  0.000  0.000  0.000  0.000  0.000  0.000  0.000  0.000  0.000  0.000  0.000  0.000  0.000  0.000  0.000  0.000  0.000  0.000  0.000  0.000  0.000  0.000  0.000
0.000  0.000  0.000  0.000  0.000  0.000  0.000  0.000  0.000  0.000  0.000  0.000  0.000  0.000  0.000  0.000  0.000  0.000  0.000  0.000  0.000  0.000  0.000  0.000  0.000  0.000
0.000  0.000  0.000  0.000  0.000  0.000  0.000  0.000  0.000  0.000  0.000  0.000  0.000  0.000  0.000  0.000  0.000  0.000  0.000  0.000  0.000  0.000  0.000  0.000  0.000  0.000
0.000  0.000  0.000  0.000  0.000  0.000  0.000  0.000  0.000  0.000  0.000  0.000  0.000  0.000  0.000  0.000  0.000  0.000  0.000  0.000  0.000  0.000  0.000  0.000  0.000  0.000
0.000  0.000  0.000  0.000  0.000  0.000  0.000  0.000  0.000  0.000  0.000  0.000  0.000  0.000  0.000  0.000  0.000  0.000  0.000  0.000  0.000  0.000  0.000  0.000  0.000  0.000
0.000  0.000  0.000  0.000  0.000  0.000  0.000  0.000  0.000  0.000  0.000  0.000  0.000  0.000  0.000  0.000  0.000  0.000  0.000  0.000  0.000  0.000  0.000  0.000  0.000  0.000
0.000  0.000  0.000  0.000  0.000  0.000  0.000  0.000  0.000  0.000  0.000  0.000  0.000  0.000  0.000  0.000  0.000  0.000  0.000  0.000  0.000  0.000  0.000  0.000  0.000  0.000
0.000  0.000  0.000  0.000  0.000  0.000  0.000  0.000  0.000  0.000  0.000  0.000  0.000  0.000  0.000  0.000  0.000  0.000  0.000  0.000  0.000  0.000  0.000  0.000  0.000  0.000
0.000  0.000  0.000  0.000  0.000  0.000  0.000  0.000  0.000  0.000  0.000  0.000  0.000  0.000  0.000  0.000  0.000  0.000  0.000  0.000  0.000  0.000  0.000  0.000  0.000  0.000
0.000  0.000  0.000  0.000  0.000  0.000  0.000  0.000  0.000  0.000  0.000  0.000  0.000  0.000  0.000  0.000  0.000  0.000  0.000  0.000  0.000  0.000  0.000  0.000  0.000  0.000
0.000  0.000  0.000  0.000  0.000  0.000  0.000  0.000  0.000  0.000  0.000  0.000  0.000  0.000  0.000  0.000  0.000  0.000  0.000  0.000  0.000  0.000  0.000  0.000  0.000  0.000
0.000  0.000  0.000  0.000  0.000  0.000  0.000  0.000  0.000  0.000  0.000  0.000  0.000  0.000  0.000  0.000  0.000  0.000  0.000  0.000  0.000  0.000  0.000  0.000  0.000  0.000
0.000  0.000  0.000  0.000  0.000  0.000  0.000  0.000  0.000  0.000  0.000  0.000  0.000  0.000  0.000  0.000  0.000  0.000  0.000  0.000  0.000  0.000  0.000  0.000  0.000  0.000
0.000  0.000  0.000  0.000  0.000  0.000  0.000  0.000  0.000  0.000  0.000  0.000  0.000  0.000  0.000  0.000  0.000  0.000  0.000  0.000  0.000  0.000  0.000  0.000  0.000  0.000
0.000  0.000  0.000  0.000  0.000  0.000  0.000  0.000  0.000  0.000  0.000  0.000  0.000  0.000  0.000  0.000  0.000  0.000  0.000  0.000  0.000  0.000  0.000  0.000  0.000  0.000
0.000  0.000  0.000  0.000  0.000  0.000  0.000  0.000  0.000  0.000  0.000  0.000  0.000  0.000  0.000  0.000  0.000  0.000  0.000  0.000  0.000  0.000  0.000  0.000  0.000  0.000
0.000  0.000  0.000  0.000  0.000  0.000  0.000  0.000  0.000  0.000  0.000  0.000  0.000  0.000  0.000  0.000  0.000  0.000  0.000  0.000  0.000  0.000  0.000  0.000  0.000  0.000

Channel 4
0.184  0.184  0.184  0.184  0.184  0.184  0.184  0.184  0.184  0.184  0.184  0.184  0.184  0.184  0.184  0.184  0.184  0.184  0.184  0.184  0.184  0.184  0.184  0.184  0.184  0.184
0.184  0.184  0.184  0.184  0.184  0.184  0.184  0.184  0.184  0.184  0.184  0.184  0.184  0.184  0.184  0.184  0.184  0.184  0.184  0.184  0.184  0.184  0.184  0.184  0.184  0.184
0.184  0.184  0.184  0.184  0.184  0.184  0.184  0.184  0.184  0.184  0.184  0.184  0.184  0.184  0.184  0.184  0.184  0.184  0.184  0.184  0.184  0.184  0.184  0.184  0.184  0.184
0.184  0.184  0.184  0.184  0.184  0.184  0.184  0.184  0.184  0.184  0.184  0.184  0.184  0.184  0.184  0.184  0.184  0.184  0.184  0.184  0.184  0.184  0.184  0.184  0.184  0.184
0.184  0.184  0.184  0.184  0.184  0.184  0.184  0.184  0.184  0.184  0.184  0.184  0.184  0.184  0.184  0.184  0.184  0.184  0.184  0.184  0.184  0.184  0.184  0.184  0.184  0.184
0.184  0.184  0.184  0.184  0.184  0.184  0.184  0.184  0.184  0.184  0.184  0.184  0.184  0.184  0.184  0.184  0.184  0.184  0.184  0.184  0.184  0.184  0.184  0.184  0.184  0.184
0.184  0.184  0.184  0.184  0.184  0.184  0.184  0.184  0.184  0.184  0.184  0.184  0.184  0.184  0.184  0.184  0.184  0.184  0.184  0.184  0.184  0.184  0.184  0.184  0.184  0.184
0.184  0.184  0.184  0.184  0.184  0.184  0.184  0.184  0.184  0.184  0.184  0.184  0.184  0.184  0.184  0.184  0.184  0.184  0.184  0.184  0.184  0.184  0.184  0.184  0.184  0.184
0.184  0.184  0.184  0.184  0.184  0.184  0.184  0.184  0.184  0.184  0.184  0.184  0.184  0.184  0.184  0.184  0.184  0.184  0.184  0.184  0.184  0.184  0.184  0.184  0.184  0.184
0.184  0.184  0.184  0.184  0.184  0.184  0.184  0.184  0.184  0.184  0.184  0.184  0.184  0.184  0.184  0.184  0.184  0.184  0.184  0.184  0.184  0.184  0.184  0.184  0.184  0.184
0.184  0.184  0.184  0.184  0.184  0.184  0.184  0.184  0.184  0.184  0.184  0.184  0.184  0.184  0.184  0.184  0.184  0.184  0.184  0.184  0.184  0.184  0.184  0.184  0.184  0.184
0.184  0.184  0.184  0.184  0.184  0.184  0.184  0.184  0.184  0.184  0.184  0.184  0.184  0.184  0.184  0.184  0.184  0.184  0.184  0.184  0.184  0.184  0.184  0.184  0.184  0.184
0.184  0.184  0.184  0.184  0.184  0.184  0.184  0.184  0.184  0.184  0.184  0.184  0.184  0.184  0.184  0.184  0.184  0.184  0.184  0.184  0.184  0.184  0.184  0.184  0.184  0.184
0.184  0.184  0.184  0.184  0.184  0.184  0.184  0.184  0.184  0.184  0.184  0.184  0.184  0.184  0.184  0.184  0.184  0.184  0.184  0.184  0.184  0.184  0.184  0.184  0.184  0.184
0.184  0.184  0.184  0.184  0.184  0.184  0.184  0.184  0.184  0.184  0.184  0.184  0.184  0.184  0.184  0.184  0.184  0.184  0.184  0.184  0.184  0.184  0.184  0.184  0.184  0.184
0.184  0.184  0.184  0.184  0.184  0.184  0.184  0.184  0.184  0.184  0.184  0.184  0.184  0.184  0.184  0.184  0.184  0.184  0.184  0.184  0.184  0.184  0.184  0.184  0.184  0.184
0.184  0.184  0.184  0.184  0.184  0.184  0.184  0.184  0.184  0.184  0.184  0.184  0.184  0.184  0.184  0.184  0.184  0.184  0.184  0.184  0.184  0.184  0.184  0.184  0.184  0.184
0.184  0.184  0.184  0.184  0.184  0.184  0.184  0.184  0.184  0.184  0.184  0.184  0.184  0.184  0.184  0.184  0.184  0.184  0.184  0.184  0.184  0.184  0.184  0.184  0.184  0.184
0.184  0.184  0.184  0.184  0.184  0.184  0.184  0.184  0.184  0.184  0.184  0.184  0.184  0.184  0.184  0.184  0.184  0.184  0.184  0.184  0.184  0.184  0.184  0.184  0.184  0.184
0.184  0.184  0.184  0.184  0.184  0.184  0.184  0.184  0.184  0.184  0.184  0.184  0.184  0.184  0.184  0.184  0.184  0.184  0.184  0.184  0.184  0.184  0.184  0.184  0.184  0.184
0.184  0.184  0.184  0.184  0.184  0.184  0.184  0.184  0.184  0.184  0.184  0.184  0.184  0.184  0.184  0.184  0.184  0.184  0.184  0.184  0.184  0.184  0.184  0.184  0.184  0.184
0.184  0.184  0.184  0.184  0.184  0.184  0.184  0.184  0.184  0.184  0.184  0.184  0.184  0.184  0.184  0.184  0.184  0.184  0.184  0.184  0.184  0.184  0.184  0.184  0.184  0.184
0.184  0.184  0.184  0.184  0.184  0.184  0.184  0.184  0.184  0.184  0.184  0.184  0.184  0.184  0.184  0.184  0.184  0.184  0.184  0.184  0.184  0.184  0.184  0.184  0.184  0.184
0.184  0.184  0.184  0.184  0.184  0.184  0.184  0.184  0.184  0.184  0.184  0.184  0.184  0.184  0.184  0.184  0.184  0.184  0.184  0.184  0.184  0.184  0.184  0.184  0.184  0.184
0.184  0.184  0.184  0.184  0.184  0.184  0.184  0.184  0.184  0.184  0.184  0.184  0.184  0.184  0.184  0.184  0.184  0.184  0.184  0.184  0.184  0.184  0.184  0.184  0.184  0.184
0.184  0.184  0.184  0.184  0.184  0.184  0.184  0.184  0.184  0.184  0.184  0.184  0.184  0.184  0.184  0.184  0.184  0.184  0.184  0.184  0.184  0.184  0.184  0.184  0.184  0.184


======================================================================= softmax result
0.098990 0.060959 0.012119 0.019167 0.200145 0.050881 0.338215 0.011972 0.039510 0.168041

=======================================================================
Predict 6 with chance of 0.338215