	-0.117715023458004, -0.38989314436912537, 0.45227497816085815,
	-0.0300900861620903, 0.07680520415306091, 0.7446548938751221,
	-0.3925897777080536, 0.2532026767730713, 0.6492324471473694,
	0.2650102972984314, 0.04964170604944229, 0.2718389332294464,
	0.22361330687999725, -0.2127842754125595, 0.24172872304916382,
	0.27075132727622986, -0.36835041642189026, -0.364038348197937,
	-0.27519822120666504, -0.3610009551048279, 0.5674471259117126,
	-0.26558658480644226, -0.046603117138147354, 0.7378169894218445,
	0.08850502967834473, 0.2533402740955353, 0.1353689730167389,
	0.36529454588890076, 0.22527828812599182, -0.1394643485546112,
	-0.07477773725986481, 0.34696850180625916, -0.3580259084701538,
	0.22073134779930115, 0.5288374423980713, -0.12341348081827164,
	-0.19321253895759583, -0.5105066299438477, 0.01702507771551609,
	-0.4836428165435791, -0.4366859197616577, -0.06206480786204338,
	-0.3488592207431793, 0.13009652495384216, 0.40161970257759094,
